0.601,0.596,0.508,0.486,0.6459999999999999,0.544,0.428,0.609,0.38799999999999996,0.391,0.456,0.46799999999999997,0.38299999999999995,0.408,0.618,0.33899999999999997,0.428,0.54,0.354,0.29100000000000004,0.374,0.65,0.6609999999999999,0.6659999999999999,0.665,0.645,0.665,0.6829999999999999,0.5539999999999999,0.498
0.0,0.0,0.0,0.0,0.0,0.0,0.0,0.0,0.0,0.0,0.0,0.0,0.0,0.0,0.002333333,0.0,0.002,0.0016666670000000001,0.0,0.0,0.0,0.001,0.0,0.0,0.0,0.0,0.0,0.001333333,0.0,0.0
0.0,0.0,1.0,1.0,1.0,1.0,0.0,1.0,0.0,0.0,0.0,1.0,0.0,0.0,1.0,0.0,1.0,1.0,0.0,0.0,0.0,1.0,0.0,0.0,0.0,1.0,0.0,1.0,1.0,0.0
0.316666667,0.251666667,0.205,0.22166666699999998,0.296666667,0.308333333,0.275,0.29,0.185,0.131666667,0.15333333300000002,0.21,0.21,0.245,0.281666667,0.15833333300000002,0.16,0.163333333,0.131666667,0.131666667,0.18333333300000001,0.241666667,0.22166666699999998,0.2,0.21833333300000002,0.2,0.17,0.175,0.12666666699999998,0.155
0.345,0.311666667,0.251666667,0.273333333,0.355,0.35666666700000005,0.373333333,0.37,0.235,0.19166666699999999,0.223333333,0.273333333,0.281666667,0.313333333,0.33666666700000003,0.268333333,0.231666667,0.2,0.19166666699999999,0.19166666699999999,0.27,0.286666667,0.278333333,0.281666667,0.273333333,0.256666667,0.23,0.246666667,0.178333333,0.228333333
0.288333333,0.18833333300000002,0.176666667,0.168333333,0.22166666699999998,0.24833333300000002,0.198333333,0.231666667,0.15333333300000002,0.08666666699999999,0.073333333,0.166666667,0.138333333,0.165,0.238333333,0.105,0.081666667,0.12,0.091666667,0.081666667,0.10333333300000001,0.181666667,0.17,0.143333333,0.15,0.135,0.111666667,0.136666667,0.09,0.08666666699999999
0.49700000000000005,0.5985,0.552,0.49700000000000005,0.5660000000000001,0.595,0.486,0.5185,0.4985,0.3895,0.4235,0.462,0.4255,0.3955,0.513,0.4785,0.3835,0.484,0.447,0.3225,0.3325,0.512,0.6555,0.6635,0.6655,0.655,0.655,0.674,0.6185,0.526
0.0,0.0,0.0,0.0,0.0,0.0,0.0,0.0,0.0,0.0,0.0,0.0,0.0,0.0,0.001166667,0.001166667,0.001,0.001833333,0.000833333,0.0,0.0,0.0005,0.0005,0.0,0.0,0.0,0.0,0.000666667,0.000666667,0.0
0.0,0.0,0.5,1.0,1.0,1.0,0.5,0.5,0.5,0.0,0.0,0.5,0.5,0.0,0.5,0.5,0.5,1.0,0.5,0.0,0.0,0.5,0.5,0.0,0.0,0.5,0.5,0.5,1.0,0.5
0.315833333,0.284166667,0.228333333,0.213333333,0.259166667,0.3025,0.291666667,0.2825,0.2375,0.15833333300000002,0.1425,0.181666667,0.21,0.2275,0.263333333,0.22,0.15916666699999998,0.161666667,0.1475,0.131666667,0.1575,0.2125,0.231666667,0.210833333,0.209166667,0.209166667,0.185,0.1725,0.150833333,0.140833333
0.36166666700000005,0.328333333,0.281666667,0.2625,0.314166667,0.355833333,0.365,0.371666667,0.3025,0.213333333,0.2075,0.24833333300000002,0.2775,0.2975,0.325,0.3025,0.25,0.21583333300000002,0.195833333,0.19166666699999999,0.230833333,0.278333333,0.2825,0.28,0.2775,0.265,0.243333333,0.238333333,0.2125,0.203333333
0.279166667,0.238333333,0.1825,0.1725,0.195,0.235,0.223333333,0.215,0.1925,0.12,0.08,0.12,0.1525,0.151666667,0.201666667,0.171666667,0.093333333,0.10083333300000001,0.105833333,0.08666666699999999,0.0925,0.1425,0.175833333,0.15666666699999998,0.146666667,0.1425,0.123333333,0.124166667,0.11333333300000001,0.08833333300000001
0.451,0.53,0.568333333,0.53,0.546666667,0.558666667,0.539333333,0.527,0.475,0.46266666700000003,0.41166666700000004,0.438333333,0.435666667,0.41966666700000005,0.46966666700000004,0.455,0.46166666700000003,0.435666667,0.440666667,0.395,0.33966666700000003,0.438333333,0.561666667,0.659,0.664,0.658666667,0.658333333,0.664333333,0.634,0.578333333
0.0,0.0,0.0,0.0,0.0,0.0,0.0,0.0,0.0,0.0,0.0,0.0,0.0,0.0,0.000777778,0.000777778,0.001444444,0.001222222,0.001222222,0.000555556,0.0,0.00033333300000000006,0.00033333300000000006,0.00033333300000000006,0.0,0.0,0.0,0.000444444,0.000444444,0.000444444
0.0,0.0,0.333333333,0.666666667,1.0,1.0,0.666666667,0.666666667,0.333333333,0.333333333,0.0,0.333333333,0.333333333,0.333333333,0.333333333,0.333333333,0.666666667,0.666666667,0.666666667,0.333333333,0.0,0.333333333,0.333333333,0.333333333,0.0,0.333333333,0.333333333,0.666666667,0.666666667,0.666666667
0.302222222,0.29444444399999997,0.257777778,0.226111111,0.24111111100000002,0.27555555600000003,0.29333333300000003,0.29111111100000003,0.25,0.20222222199999998,0.15666666699999998,0.165,0.19111111100000003,0.22166666699999998,0.245555556,0.228333333,0.2,0.160555556,0.151666667,0.14222222199999998,0.148888889,0.185555556,0.215555556,0.22111111100000003,0.213333333,0.206111111,0.196111111,0.181666667,0.157222222,0.152222222
0.35722222200000003,0.345,0.302777778,0.278888889,0.29333333300000003,0.328333333,0.36166666700000005,0.36666666700000006,0.326111111,0.265555556,0.21666666699999998,0.229444444,0.259444444,0.28944444399999997,0.310555556,0.306111111,0.278888889,0.233333333,0.207777778,0.194444444,0.217777778,0.249444444,0.278333333,0.28222222199999997,0.27777777800000003,0.27055555600000003,0.253333333,0.24444444399999998,0.21833333300000002,0.217777778
0.257777778,0.24888888899999997,0.217777778,0.177777778,0.18888888899999998,0.212777778,0.222777778,0.226111111,0.194444444,0.157222222,0.104444444,0.108888889,0.126111111,0.15666666699999998,0.180555556,0.16944444399999997,0.141666667,0.10222222199999999,0.09777777800000001,0.09777777800000001,0.09222222199999999,0.12222222199999999,0.151666667,0.165,0.15444444400000001,0.142777778,0.132222222,0.127777778,0.11277777800000001,0.104444444
0.46675,0.48725,0.5245,0.54775,0.5589999999999999,0.546,0.526,0.55675,0.49225,0.45399999999999996,0.461,0.42575,0.4245,0.42875,0.46925,0.43700000000000006,0.44825,0.48125,0.41525,0.40325,0.38975,0.41725,0.494,0.58775,0.6605,0.65925,0.66025,0.6645,0.63675,0.6
0.0,0.0,0.0,0.0,0.0,0.0,0.0,0.0,0.0,0.0,0.0,0.0,0.0,0.0,0.000583333,0.000583333,0.0010833330000000001,0.0015,0.000916667,0.000916667,0.00041666699999999996,0.00025,0.00025,0.00025,0.00025,0.0,0.0,0.00033333300000000006,0.00033333300000000006,0.00033333300000000006
0.0,0.0,0.25,0.5,0.75,1.0,0.75,0.75,0.5,0.25,0.25,0.25,0.25,0.25,0.5,0.25,0.5,0.75,0.5,0.5,0.25,0.25,0.25,0.25,0.25,0.25,0.25,0.5,0.75,0.5
0.299583333,0.289583333,0.272083333,0.24875,0.24375,0.257916667,0.275416667,0.2925,0.26458333300000003,0.22041666699999998,0.19,0.17,0.17625,0.204583333,0.236666667,0.22375,0.21125,0.190833333,0.15333333300000002,0.146666667,0.1525,0.172083333,0.194583333,0.211666667,0.22041666699999998,0.21,0.197083333,0.190833333,0.167916667,0.15666666699999998
0.35666666700000005,0.34583333299999997,0.321666667,0.29541666699999997,0.29791666699999997,0.309166667,0.339583333,0.36375,0.33375,0.2925,0.255,0.230833333,0.2425,0.272916667,0.30125,0.3,0.2875,0.259166667,0.22291666699999999,0.20375,0.213333333,0.235,0.256666667,0.279166667,0.28,0.2725,0.260416667,0.251666667,0.227916667,0.22083333300000002
0.254583333,0.240416667,0.230833333,0.205416667,0.18875,0.20375,0.209166667,0.225,0.207916667,0.1675,0.13625,0.12,0.11625,0.135833333,0.177083333,0.161666667,0.1475,0.13625,0.09958333300000001,0.09375,0.09916666699999999,0.11458333300000001,0.134166667,0.149583333,0.16125,0.149583333,0.135,0.133333333,0.11833333300000001,0.10625
0.5206,0.4926,0.4914,0.5168,0.5674,0.556,0.5224,0.5426,0.523,0.47200000000000003,0.4544,0.4624,0.4172,0.4212,0.4666,0.4432,0.4352,0.4666,0.4558,0.3904,0.3974,0.4418,0.466,0.5284,0.6032,0.6574,0.6604,0.6648,0.6424,0.609
0.002333333,0.0,0.0,0.0,0.0,0.0,0.0,0.0,0.0,0.0,0.0,0.0,0.0,0.0,0.000466667,0.000466667,0.000866667,0.0012,0.0012,0.0007333330000000001,0.0007333330000000001,0.000533333,0.0002,0.0002,0.0002,0.0002,0.0,0.000266667,0.000266667,0.000266667
0.2,0.0,0.2,0.4,0.6,0.8,0.8,0.8,0.6,0.4,0.2,0.4,0.2,0.2,0.4,0.4,0.4,0.6,0.6,0.4,0.4,0.4,0.2,0.2,0.2,0.4,0.2,0.4,0.6,0.6
0.307333333,0.29,0.272666667,0.262,0.258333333,0.256666667,0.261333333,0.278333333,0.271,0.23800000000000002,0.207,0.19399999999999998,0.17800000000000002,0.19,0.22,0.221,0.21100000000000002,0.201666667,0.179,0.149,0.154,0.170333333,0.182,0.195666667,0.213,0.21633333300000002,0.20199999999999999,0.19266666699999999,0.17800000000000002,0.165333333
0.36566666700000006,0.34766666700000004,0.327,0.312,0.307333333,0.309666667,0.322,0.34566666700000004,0.33799999999999997,0.305333333,0.278666667,0.258666667,0.24100000000000002,0.256666667,0.285666667,0.294666667,0.286333333,0.27,0.245666667,0.21666666699999998,0.217,0.228,0.243666667,0.261666667,0.278,0.275333333,0.264,0.257666667,0.237,0.228
0.266,0.241333333,0.227666667,0.21833333300000002,0.208666667,0.200666667,0.202666667,0.213666667,0.210666667,0.183666667,0.148666667,0.142333333,0.123666667,0.126,0.15633333300000002,0.162666667,0.145666667,0.142,0.12733333300000002,0.096,0.095666667,0.11566666699999999,0.12566666699999998,0.136,0.149666667,0.156,0.142,0.135333333,0.124666667,0.11199999999999999
0.5315,0.533166667,0.495166667,0.4905,0.538333333,0.5635,0.534666667,0.536833333,0.516833333,0.501,0.46933333299999996,0.456666667,0.449166667,0.41566666700000005,0.45399999999999996,0.445333333,0.440666667,0.452666667,0.44783333299999994,0.428333333,0.387666667,0.4395,0.47833333299999997,0.499333333,0.551166667,0.610166667,0.658666667,0.664166667,0.646333333,0.6183333329999999
0.002777778,0.001944444,0.0,0.0,0.0,0.0,0.0,0.0,0.0,0.0,0.0,0.0,0.0,0.0,0.000388889,0.000388889,0.000722222,0.001,0.001,0.001,0.000611111,0.000777778,0.000444444,0.000166667,0.000166667,0.000166667,0.000166667,0.000222222,0.000222222,0.000222222
0.333333333,0.166666667,0.166666667,0.333333333,0.5,0.666666667,0.666666667,0.833333333,0.666666667,0.5,0.333333333,0.333333333,0.333333333,0.166666667,0.333333333,0.333333333,0.5,0.5,0.5,0.5,0.333333333,0.5,0.333333333,0.166666667,0.166666667,0.333333333,0.333333333,0.333333333,0.5,0.5
0.313055556,0.298055556,0.275833333,0.26416666699999997,0.267777778,0.26666666699999997,0.259722222,0.266111111,0.262777778,0.247777778,0.22388888899999998,0.2075,0.196666667,0.18916666699999998,0.205277778,0.20972222199999999,0.210833333,0.20305555600000003,0.19,0.171111111,0.154722222,0.168611111,0.178888889,0.185,0.199444444,0.210833333,0.20861111100000002,0.1975,0.181666667,0.174166667
0.36722222200000004,0.35666666700000005,0.33166666699999997,0.318055556,0.319166667,0.315555556,0.320277778,0.33,0.327222222,0.313611111,0.291666667,0.27777777800000003,0.2625,0.253055556,0.27,0.28277777800000004,0.284166667,0.271944444,0.256944444,0.236666667,0.22555555600000002,0.228611111,0.236388889,0.25,0.263611111,0.274444444,0.267777778,0.261111111,0.24444444399999998,0.23555555600000003
0.270277778,0.253055556,0.23055555600000002,0.217777778,0.21888888899999998,0.215277778,0.20027777800000002,0.2075,0.203611111,0.19,0.16527777800000001,0.151666667,0.141666667,0.130555556,0.14472222199999998,0.147777778,0.149166667,0.14138888900000002,0.133611111,0.11972222199999999,0.097222222,0.11,0.124722222,0.128611111,0.138333333,0.14722222199999999,0.148611111,0.14111111099999998,0.127777778,0.11833333300000001
0.5341428570000001,0.540714286,0.529571429,0.49385714299999994,0.512714286,0.539142857,0.544142857,0.545285714,0.515571429,0.49885714299999995,0.494571429,0.469142857,0.446142857,0.443285714,0.44457142899999996,0.437571429,0.44285714299999995,0.45485714299999996,0.438571429,0.42542857100000003,0.420571429,0.42514285700000004,0.471142857,0.5051428570000001,0.523,0.564571429,0.618,0.6621428570000001,0.6484285710000001,0.625142857
0.002380952,0.002380952,0.0016666670000000001,0.0,0.0,0.0,0.0,0.0,0.0,0.0,0.0,0.0,0.0,0.0,0.00033333300000000006,0.00033333300000000006,0.0006190480000000001,0.000857143,0.000857143,0.000857143,0.000857143,0.000666667,0.000666667,0.000380952,0.000142857,0.000142857,0.000142857,0.00033333300000000006,0.000190476,0.000190476
0.28571428600000004,0.28571428600000004,0.28571428600000004,0.28571428600000004,0.428571429,0.571428571,0.571428571,0.7142857140000001,0.7142857140000001,0.571428571,0.428571429,0.428571429,0.28571428600000004,0.28571428600000004,0.28571428600000004,0.28571428600000004,0.428571429,0.571428571,0.428571429,0.428571429,0.428571429,0.428571429,0.428571429,0.28571428600000004,0.14285714300000002,0.28571428600000004,0.28571428600000004,0.428571429,0.428571429,0.428571429
0.317857143,0.304285714,0.284761905,0.268095238,0.26880952399999997,0.273571429,0.267857143,0.264047619,0.25452381,0.244047619,0.23428571399999998,0.221904762,0.207857143,0.203571429,0.202380952,0.198571429,0.202619048,0.20404761899999999,0.192857143,0.181666667,0.17285714300000002,0.167142857,0.176190476,0.181904762,0.189761905,0.19952381,0.205,0.203809524,0.187380952,0.177857143
0.37190476200000006,0.359285714,0.34166666700000003,0.323333333,0.323333333,0.32452381,0.32380952399999996,0.327380952,0.316428571,0.307857143,0.300714286,0.289047619,0.278333333,0.269761905,0.265,0.269761905,0.27547619,0.272142857,0.26047619,0.247619048,0.241428571,0.23428571399999998,0.23571428600000002,0.242857143,0.253333333,0.262619048,0.268095238,0.264761905,0.249285714,0.242142857
0.27761904800000003,0.25857142899999996,0.242142857,0.22166666699999998,0.21833333300000002,0.223095238,0.212857143,0.204761905,0.199761905,0.186904762,0.173333333,0.16547619,0.149761905,0.145,0.145952381,0.139047619,0.138333333,0.145,0.134285714,0.126190476,0.117380952,0.109285714,0.118571429,0.127380952,0.131666667,0.13785714300000002,0.14214285699999998,0.146904762,0.133809524,0.12190476199999999
0.570875,0.541875,0.536625,0.524125,0.512875,0.516625,0.52525,0.55225,0.525625,0.5,0.4935,0.49125,0.458375,0.441375,0.465125,0.431375,0.436375,0.455,0.44225,0.420125,0.419,0.44925,0.454625,0.4955,0.525125,0.53825,0.577125,0.626125,0.648625,0.629625
0.014583333,0.0020833329999999997,0.0020833329999999997,0.0014583329999999998,0.0,0.0,0.0,0.0,0.0,0.0,0.0,0.0,0.0,0.0,0.000291667,0.000291667,0.000541667,0.00075,0.00075,0.00075,0.00075,0.000875,0.000583333,0.000583333,0.00033333300000000006,0.000125,0.000125,0.000291667,0.000291667,0.000166667
0.375,0.25,0.375,0.375,0.375,0.5,0.5,0.625,0.625,0.625,0.5,0.5,0.375,0.25,0.375,0.25,0.375,0.5,0.5,0.375,0.375,0.5,0.375,0.375,0.25,0.25,0.25,0.375,0.5,0.375
0.319166667,0.309583333,0.291875,0.276875,0.271666667,0.27375,0.27375,0.270625,0.254166667,0.239166667,0.23270833300000002,0.23125,0.22041666699999998,0.2125,0.213333333,0.196875,0.19375,0.197708333,0.195,0.185208333,0.181875,0.181458333,0.17395833300000002,0.179166667,0.186458333,0.191041667,0.195833333,0.20125,0.194166667,0.18333333300000001
0.375833333,0.364375,0.34583333299999997,0.333125,0.327291667,0.3275,0.330625,0.32958333300000003,0.315833333,0.300833333,0.297291667,0.297291667,0.288125,0.28270833300000003,0.278125,0.265416667,0.265,0.266041667,0.26208333300000003,0.251875,0.250416667,0.24708333300000002,0.239791667,0.241458333,0.246666667,0.25375,0.258541667,0.265416667,0.253958333,0.246666667
0.280416667,0.266458333,0.24833333300000002,0.232916667,0.22166666699999998,0.222083333,0.22,0.215208333,0.198333333,0.185625,0.17270833300000002,0.1725,0.162083333,0.151666667,0.15666666699999998,0.140833333,0.131875,0.136041667,0.138333333,0.127708333,0.123333333,0.12541666699999998,0.116875,0.12166666699999999,0.130208333,0.132083333,0.134583333,0.14145833300000002,0.13979166699999998,0.12791666699999998
0.604666667,0.573666667,0.538111111,0.531,0.537666667,0.516333333,0.506777778,0.534555556,0.534,0.5106666670000001,0.495111111,0.49066666700000006,0.47922222200000003,0.45277777799999996,0.461,0.451111111,0.431,0.447888889,0.44377777799999996,0.425444444,0.415,0.444666667,0.472777778,0.47811111100000003,0.514333333,0.538444444,0.552333333,0.588888889,0.618111111,0.631888889
0.013333333000000001,0.012962963000000001,0.0018518520000000002,0.0018518520000000002,0.001296296,0.0,0.0,0.0,0.0,0.0,0.0,0.0,0.0,0.0,0.000259259,0.000259259,0.00048148099999999997,0.000666667,0.000666667,0.000666667,0.000666667,0.000777778,0.000777778,0.0005185190000000001,0.0005185190000000001,0.000296296,0.000111111,0.000259259,0.000259259,0.000259259
0.444444444,0.333333333,0.333333333,0.444444444,0.444444444,0.444444444,0.444444444,0.5555555560000001,0.5555555560000001,0.5555555560000001,0.5555555560000001,0.5555555560000001,0.444444444,0.333333333,0.333333333,0.333333333,0.333333333,0.444444444,0.444444444,0.444444444,0.333333333,0.444444444,0.444444444,0.333333333,0.333333333,0.333333333,0.222222222,0.333333333,0.444444444,0.444444444
0.332407407,0.311666667,0.297962963,0.284074074,0.279074074,0.275740741,0.27388888899999997,0.27555555600000003,0.261111111,0.240555556,0.22962963,0.230185185,0.22888888899999998,0.22314814800000002,0.220185185,0.20722222199999998,0.192777778,0.19037037,0.19037037,0.187962963,0.185,0.188518519,0.18592592600000002,0.176851852,0.183518519,0.187962963,0.18870370399999997,0.19351851899999997,0.19296296300000002,0.189814815
0.38703703700000003,0.36870370399999997,0.351851852,0.337777778,0.33555555600000003,0.33055555600000003,0.332592593,0.335,0.319074074,0.302037037,0.292222222,0.29462963,0.295555556,0.290925926,0.288703704,0.277037037,0.261666667,0.257777778,0.257777778,0.25425925899999996,0.253888889,0.254444444,0.250555556,0.24444444399999998,0.245,0.247777778,0.251111111,0.257222222,0.255740741,0.251111111
0.29407407399999996,0.270185185,0.256481481,0.23944444399999998,0.231666667,0.22462963,0.219444444,0.221296296,0.208333333,0.18592592600000002,0.173148148,0.172037037,0.16870370399999998,0.162407407,0.161296296,0.150925926,0.134259259,0.130555556,0.131111111,0.132037037,0.125,0.129814815,0.13037037,0.119814815,0.124814815,0.130740741,0.129814815,0.134814815,0.135740741,0.133888889
0.627,0.6038,0.5671,0.5329,0.5425,0.5383,0.5075,0.517,0.5199,0.5197,0.5052,0.4924,0.4799,0.4721,0.4693,0.4488,0.4488,0.4419,0.4385,0.4285,0.4203,0.4385,0.4663,0.4921,0.4968,0.5274,0.5511,0.5654,0.5854,0.6061
0.0121,0.012,0.011666667,0.0016666670000000001,0.0016666670000000001,0.001166667,0.0,0.0,0.0,0.0,0.0,0.0,0.0,0.0,0.00023333299999999998,0.00023333299999999998,0.00043333300000000005,0.0006,0.0006,0.0006,0.0006,0.0007,0.0007,0.0007,0.000466667,0.000466667,0.000266667,0.00023333299999999998,0.00023333299999999998,0.00023333299999999998
0.5,0.4,0.4,0.4,0.5,0.5,0.4,0.5,0.5,0.5,0.5,0.6,0.5,0.4,0.4,0.3,0.4,0.4,0.4,0.4,0.4,0.4,0.4,0.4,0.3,0.4,0.3,0.3,0.4,0.4
0.3485,0.324333333,0.301,0.290333333,0.285333333,0.282,0.275666667,0.2755,0.2665,0.24816666699999998,0.231833333,0.227666667,0.228166667,0.2305,0.22899999999999998,0.214,0.2025,0.18983333300000002,0.1845,0.1845,0.1875,0.19066666699999998,0.191833333,0.18733333300000002,0.18100000000000002,0.18516666699999998,0.18616666699999998,0.18733333300000002,0.18683333300000002,0.18916666699999998
0.40166666700000003,0.3795,0.35700000000000004,0.344,0.3395,0.33766666700000003,0.334833333,0.33633333299999996,0.325,0.306333333,0.294166667,0.290333333,0.29333333300000003,0.29733333300000003,0.2955,0.286666667,0.2725,0.2555,0.251166667,0.251166667,0.255833333,0.257166667,0.256833333,0.253666667,0.24733333300000002,0.246166667,0.24600000000000002,0.250666667,0.24933333300000002,0.253
0.312333333,0.2835,0.260833333,0.24766666699999998,0.237666667,0.233333333,0.222,0.22066666699999998,0.2145,0.196166667,0.174666667,0.1725,0.168666667,0.168333333,0.17,0.15566666699999998,0.14400000000000002,0.132833333,0.12666666699999998,0.12616666699999998,0.12916666699999999,0.130666667,0.133833333,0.131666667,0.122833333,0.12583333300000002,0.128833333,0.1305,0.130333333,0.130833333
0.6368181820000001,0.6241818179999999,0.595090909,0.559727273,0.543181818,0.542636364,0.528272727,0.516727273,0.505272727,0.508181818,0.513909091,0.5018181820000001,0.482454545,0.47336363600000003,0.485363636,0.457454545,0.44690909100000004,0.457090909,0.433909091,0.42509090899999996,0.423545455,0.44118181799999995,0.458727273,0.484454545,0.5078181820000001,0.510272727,0.5399090910000001,0.563090909,0.5643636360000001,0.577454545
0.011000000000000001,0.011000000000000001,0.010909091000000001,0.010606061000000002,0.001515152,0.001515152,0.001060606,0.0,0.0,0.0,0.0,0.0,0.0,0.0,0.00021212099999999998,0.00021212099999999998,0.000393939,0.000545455,0.000545455,0.000545455,0.000545455,0.000636364,0.000636364,0.000636364,0.000636364,0.00042424199999999997,0.00042424199999999997,0.00036363599999999997,0.00021212099999999998,0.00021212099999999998
0.545454545,0.454545455,0.454545455,0.454545455,0.454545455,0.545454545,0.454545455,0.454545455,0.454545455,0.454545455,0.454545455,0.545454545,0.545454545,0.454545455,0.454545455,0.363636364,0.363636364,0.454545455,0.363636364,0.363636364,0.363636364,0.454545455,0.363636364,0.363636364,0.363636364,0.363636364,0.363636364,0.363636364,0.363636364,0.363636364
0.36,0.33969697,0.313484848,0.293787879,0.290909091,0.287424242,0.28136363600000003,0.276969697,0.267272727,0.25424242399999997,0.239545455,0.229848485,0.22606060600000003,0.22969697,0.235151515,0.222575758,0.209090909,0.198939394,0.184545455,0.17969697,0.18439393899999998,0.192424242,0.19348484800000001,0.192575758,0.190151515,0.182727273,0.183787879,0.185151515,0.181818182,0.18393939399999998
0.411060606,0.39348484799999994,0.36787878799999996,0.349393939,0.345,0.341060606,0.340909091,0.338030303,0.327121212,0.312878788,0.298787879,0.292272727,0.289545455,0.295151515,0.300909091,0.293030303,0.281666667,0.26590909100000004,0.24969697,0.245757576,0.252878788,0.258636364,0.259090909,0.259090909,0.255454545,0.248181818,0.24469697,0.24606060600000002,0.244090909,0.247424242
0.319848485,0.301060606,0.273787879,0.25242424199999997,0.24530303,0.238636364,0.230151515,0.222878788,0.214545455,0.202878788,0.185,0.173939394,0.169393939,0.168333333,0.17469697,0.164090909,0.148939394,0.141818182,0.129090909,0.122575758,0.124090909,0.13393939400000002,0.134242424,0.13469697,0.133333333,0.12393939400000001,0.124545455,0.129545455,0.126818182,0.126363636
0.6303333329999999,0.633416667,0.6145,0.586,0.566916667,0.54325,0.533083333,0.535,0.506,0.49575,0.503833333,0.510083333,0.49191666700000003,0.47625,0.485416667,0.47316666700000004,0.455,0.454666667,0.4485,0.42200000000000004,0.420833333,0.44241666700000004,0.4595,0.47600000000000003,0.4995,0.51925,0.523166667,0.5518333329999999,0.562333333,0.5588333329999999
0.010083333,0.010083333,0.010083333,0.01,0.009722221999999999,0.001388889,0.001388889,0.000972222,0.0,0.0,0.0,0.0,0.0,0.0,0.00019444400000000002,0.00019444400000000002,0.000361111,0.0005,0.0005,0.0005,0.0005,0.000583333,0.000583333,0.000583333,0.000583333,0.000583333,0.000388889,0.0005,0.00033333300000000006,0.00019444400000000002
0.583333333,0.5,0.5,0.5,0.5,0.5,0.5,0.5,0.41666666700000005,0.41666666700000005,0.41666666700000005,0.5,0.5,0.5,0.5,0.41666666700000005,0.41666666700000005,0.41666666700000005,0.41666666700000005,0.333333333,0.333333333,0.41666666700000005,0.41666666700000005,0.333333333,0.333333333,0.41666666700000005,0.333333333,0.41666666700000005,0.41666666700000005,0.333333333
0.35861111100000004,0.35097222200000006,0.328472222,0.305833333,0.294027778,0.292361111,0.286388889,0.282083333,0.269305556,0.25597222199999997,0.24583333300000001,0.237083333,0.228194444,0.22763888899999998,0.23402777800000002,0.22875,0.21736111100000002,0.205277778,0.193333333,0.180138889,0.18,0.18916666699999998,0.194861111,0.194027778,0.194722222,0.190972222,0.181666667,0.183055556,0.180277778,0.179583333
0.409861111,0.402777778,0.381666667,0.36,0.349861111,0.34597222200000005,0.34375,0.34333333299999996,0.329444444,0.315833333,0.305416667,0.296666667,0.291388889,0.291527778,0.29861111100000004,0.298194444,0.287916667,0.274861111,0.259722222,0.24486111100000002,0.247777778,0.25569444399999997,0.260277778,0.260972222,0.260277778,0.255555556,0.246666667,0.24486111100000002,0.240416667,0.242777778
0.316527778,0.308888889,0.290694444,0.265,0.24986111100000002,0.245555556,0.23527777800000002,0.23027777800000002,0.21708333300000002,0.203888889,0.192083333,0.183472222,0.17097222199999998,0.16902777800000002,0.174166667,0.168888889,0.157222222,0.146527778,0.13763888900000001,0.125138889,0.12097222199999999,0.128888889,0.136944444,0.135,0.135972222,0.133472222,0.122916667,0.12555555599999998,0.12625,0.12347222199999999
0.619846154,0.627692308,0.623769231,0.604615385,0.590615385,0.565153846,0.534384615,0.5389230770000001,0.523692308,0.497153846,0.49269230799999997,0.501076923,0.500307692,0.48546153799999997,0.487153846,0.474153846,0.46969230799999995,0.46153846200000004,0.44692307700000006,0.436384615,0.418307692,0.438461538,0.459230769,0.475384615,0.490538462,0.510692308,0.530461538,0.535461538,0.552,0.557384615
0.009307692,0.009307692,0.009307692,0.009307692,0.009230769,0.008974359,0.001282051,0.001282051,0.000897436,0.0,0.0,0.0,0.0,0.0,0.000179487,0.000179487,0.00033333300000000006,0.00046153800000000005,0.00046153800000000005,0.00046153800000000005,0.00046153800000000005,0.000538462,0.000538462,0.000538462,0.000538462,0.000538462,0.000538462,0.00046153800000000005,0.00046153800000000005,0.000307692
0.615384615,0.538461538,0.538461538,0.538461538,0.538461538,0.538461538,0.46153846200000004,0.538461538,0.46153846200000004,0.384615385,0.384615385,0.46153846200000004,0.46153846200000004,0.46153846200000004,0.538461538,0.46153846200000004,0.46153846200000004,0.46153846200000004,0.384615385,0.384615385,0.307692308,0.384615385,0.384615385,0.384615385,0.307692308,0.384615385,0.384615385,0.384615385,0.46153846200000004,0.384615385
0.35384615399999997,0.350384615,0.33974359,0.32025641,0.305128205,0.295128205,0.291025641,0.286666667,0.274615385,0.258717949,0.248076923,0.243076923,0.235,0.22948717899999999,0.23179487199999999,0.228205128,0.22346153800000002,0.213205128,0.199615385,0.18858974399999998,0.180384615,0.18474359,0.19166666699999999,0.19525641,0.195897436,0.195128205,0.18935897399999999,0.181153846,0.178717949,0.178333333
0.40679487200000003,0.40230769200000005,0.391153846,0.373333333,0.359615385,0.350384615,0.348076923,0.345769231,0.335,0.318846154,0.308717949,0.302948718,0.29551282100000004,0.293076923,0.295,0.296282051,0.293076923,0.28115384600000004,0.268461538,0.254487179,0.246794872,0.25076923100000004,0.25743589699999997,0.261923077,0.261923077,0.26,0.253589744,0.246666667,0.23974359,0.239487179
0.31076923100000003,0.306666667,0.298717949,0.28128205100000003,0.261666667,0.24974359,0.241923077,0.235,0.224358974,0.207051282,0.193846154,0.190128205,0.18,0.170512821,0.17435897399999997,0.168846154,0.16217948699999998,0.154358974,0.14230769199999999,0.133333333,0.12346153800000001,0.125641026,0.132051282,0.137435897,0.136153846,0.13589743599999998,0.13179487199999998,0.123974359,0.122820513,0.12320512800000001
0.608285714,0.618142857,0.619142857,0.613928571,0.6075714289999999,0.587285714,0.5553571429999999,0.539714286,0.5281428570000001,0.514214286,0.494214286,0.49092857100000004,0.49264285700000005,0.493714286,0.49492857100000004,0.476571429,0.470857143,0.47471428600000004,0.45385714299999996,0.435785714,0.43192857100000004,0.43485714299999995,0.45435714299999996,0.474,0.48892857100000003,0.501571429,0.521714286,0.5413571429999999,0.536785714,0.548142857
0.008642857,0.008642857,0.008642857,0.008642857,0.008642857,0.008571429,0.008333333,0.001190476,0.001190476,0.000833333,0.0,0.0,0.0,0.0,0.000166667,0.000166667,0.00030952400000000004,0.000428571,0.000428571,0.000428571,0.000428571,0.0005,0.0005,0.0005,0.0005,0.0005,0.0005,0.000595238,0.000428571,0.000428571
0.571428571,0.571428571,0.571428571,0.571428571,0.571428571,0.571428571,0.5,0.5,0.5,0.428571429,0.35714285700000004,0.428571429,0.428571429,0.428571429,0.5,0.5,0.5,0.5,0.428571429,0.35714285700000004,0.35714285700000004,0.35714285700000004,0.35714285700000004,0.35714285700000004,0.35714285700000004,0.35714285700000004,0.35714285700000004,0.428571429,0.428571429,0.428571429
0.34452381,0.346547619,0.34,0.33130952399999997,0.31857142899999996,0.305357143,0.29369047600000003,0.29095238100000004,0.279404762,0.264404762,0.251190476,0.245357143,0.24071428600000003,0.23571428600000002,0.23321428600000002,0.22654761899999998,0.223333333,0.21916666699999998,0.20738095199999998,0.194761905,0.188214286,0.184761905,0.187380952,0.192261905,0.19690476199999998,0.196190476,0.193333333,0.18833333300000002,0.177261905,0.17702381
0.39797619,0.4,0.39154761899999996,0.382738095,0.37202381,0.35940476200000004,0.35202381,0.34964285700000003,0.33785714299999997,0.324761905,0.31202381,0.306190476,0.30142857100000003,0.296785714,0.29619047600000004,0.293095238,0.291666667,0.286428571,0.274761905,0.26297619,0.255595238,0.249642857,0.252738095,0.259166667,0.262738095,0.261547619,0.257857143,0.253095238,0.24178571399999998,0.238928571
0.299880952,0.30202381,0.297380952,0.289404762,0.27702381,0.260714286,0.24607142899999998,0.24119047600000001,0.229166667,0.21452381,0.1975,0.19190476199999998,0.18642857100000002,0.178928571,0.17535714300000002,0.169404762,0.16261904800000002,0.15916666699999998,0.14988095199999998,0.13797619,0.131190476,0.127619048,0.128809524,0.132857143,0.138333333,0.136071429,0.134166667,0.132142857,0.12154761900000001,0.120238095
0.6134,0.6074666670000001,0.6108,0.610266667,0.616066667,0.6033333329999999,0.576666667,0.5589333329999999,0.5296,0.519,0.510333333,0.492466667,0.483733333,0.48700000000000004,0.502,0.48453333299999995,0.47333333299999997,0.475466667,0.46666666700000003,0.44299999999999995,0.431666667,0.44646666700000004,0.449933333,0.468466667,0.486733333,0.499333333,0.512466667,0.532466667,0.5422,0.5342
0.009066666999999999,0.008066667,0.008066667,0.008066667,0.008066667,0.008066667,0.008,0.007777778000000001,0.0011111110000000001,0.0011111110000000001,0.000777778,0.0,0.0,0.0,0.000155556,0.000155556,0.000288889,0.0004,0.0004,0.0004,0.0004,0.000466667,0.000466667,0.000466667,0.000466667,0.000466667,0.000466667,0.000555556,0.000555556,0.0004
0.6,0.533333333,0.6,0.6,0.6,0.6,0.533333333,0.533333333,0.46666666700000003,0.46666666700000003,0.4,0.4,0.4,0.4,0.46666666700000003,0.46666666700000003,0.533333333,0.533333333,0.46666666700000003,0.4,0.333333333,0.4,0.333333333,0.333333333,0.333333333,0.4,0.333333333,0.4,0.46666666700000003,0.4
0.34133333299999996,0.33833333299999996,0.337111111,0.332111111,0.32899999999999996,0.317888889,0.303333333,0.29344444399999997,0.283888889,0.26955555600000003,0.257,0.248444444,0.243,0.24100000000000002,0.238777778,0.228222222,0.22211111100000003,0.21933333300000002,0.213333333,0.202333333,0.19399999999999998,0.191777778,0.187222222,0.188222222,0.19399999999999998,0.197111111,0.194444444,0.192111111,0.184222222,0.175777778
0.39633333299999995,0.392222222,0.390111111,0.383666667,0.380888889,0.371,0.360333333,0.35322222200000003,0.342,0.328111111,0.318,0.309444444,0.304555556,0.302222222,0.299444444,0.29433333300000003,0.289,0.285555556,0.280111111,0.269222222,0.263444444,0.257666667,0.251555556,0.254666667,0.260111111,0.262333333,0.259444444,0.257111111,0.24811111100000002,0.240888889
0.294222222,0.29244444399999997,0.293666667,0.288777778,0.284888889,0.275111111,0.256555556,0.24511111100000002,0.235333333,0.21966666699999998,0.205111111,0.195444444,0.18833333300000002,0.185,0.182888889,0.170666667,0.163555556,0.159777778,0.15466666699999998,0.145333333,0.135666667,0.134555556,0.130444444,0.129777778,0.134,0.138111111,0.134444444,0.134333333,0.129333333,0.11922222199999999
0.60825,0.6123125,0.60125,0.603,0.6125,0.6115625,0.592375,0.5786875,0.54825,0.5209375,0.5150625,0.5076875,0.485625,0.479,0.4951875,0.4918125,0.48100000000000004,0.4775,0.467875,0.4556875,0.4386875,0.4453125,0.459875,0.4634375,0.48075,0.496625,0.5096875,0.523125,0.5338125,0.5394375
0.008520833,0.0085,0.0075625,0.0075625,0.0075625,0.0075625,0.0075625,0.0075,0.007291667,0.001041667,0.001041667,0.000729167,0.0,0.0,0.000145833,0.000145833,0.000270833,0.000375,0.000375,0.000375,0.000375,0.0004375,0.0004375,0.0004375,0.0004375,0.0004375,0.0004375,0.0005208330000000001,0.0005208330000000001,0.0005208330000000001
0.625,0.5625,0.5625,0.625,0.625,0.625,0.5625,0.5625,0.5,0.4375,0.4375,0.4375,0.375,0.375,0.4375,0.4375,0.5,0.5625,0.5,0.4375,0.375,0.375,0.375,0.3125,0.3125,0.375,0.375,0.375,0.4375,0.4375
0.34145833299999995,0.33572916700000005,0.33,0.329895833,0.329895833,0.327708333,0.315208333,0.3025,0.286666667,0.274375,0.262291667,0.2540625,0.246041667,0.243125,0.243541667,0.23375,0.223958333,0.2184375,0.21385416699999998,0.208229167,0.201145833,0.19697916699999998,0.19364583300000002,0.188020833,0.190104167,0.194375,0.195416667,0.19322916699999998,0.188020833,0.182395833
0.39541666700000005,0.39104166700000004,0.3834375,0.3828125,0.381875,0.379375,0.371145833,0.3609375,0.34583333299999997,0.332604167,0.3215625,0.315208333,0.307708333,0.305104167,0.304375,0.2975,0.290416667,0.2834375,0.2796875,0.274583333,0.269270833,0.264895833,0.258958333,0.2534375,0.255833333,0.259895833,0.2603125,0.258645833,0.2521875,0.246875
0.2934375,0.28760416699999997,0.285208333,0.285833333,0.284583333,0.282604167,0.2703125,0.255,0.239375,0.226041667,0.21052083300000002,0.20270833300000002,0.191875,0.186875,0.18833333300000002,0.17802083300000002,0.165104167,0.160833333,0.155520833,0.15010416699999998,0.14270833300000002,0.13854166699999998,0.136770833,0.13125,0.131041667,0.1340625,0.13645833300000001,0.134583333,0.1315625,0.12666666699999998
0.595470588,0.607529412,0.606176471,0.594470588,0.605529412,0.608470588,0.600764706,0.593352941,0.5674705879999999,0.539,0.5171176470000001,0.512294118,0.500352941,0.481058824,0.487176471,0.486,0.488058824,0.484470588,0.47023529399999997,0.45747058799999996,0.45088235299999996,0.451117647,0.45799999999999996,0.47200000000000003,0.475294118,0.490411765,0.506529412,0.519882353,0.524941176,0.531705882
0.008019608000000001,0.008019608000000001,0.008,0.0071176469999999995,0.0071176469999999995,0.0071176469999999995,0.0071176469999999995,0.0071176469999999995,0.007058824,0.006862745,0.000980392,0.000980392,0.000686275,0.0,0.000137255,0.000137255,0.000254902,0.000352941,0.000352941,0.000352941,0.000352941,0.000411765,0.000411765,0.000411765,0.000411765,0.000411765,0.000411765,0.000490196,0.000490196,0.000490196
0.588235294,0.588235294,0.588235294,0.588235294,0.647058824,0.647058824,0.588235294,0.588235294,0.529411765,0.470588235,0.41176470600000004,0.470588235,0.41176470600000004,0.352941176,0.41176470600000004,0.41176470600000004,0.470588235,0.529411765,0.529411765,0.470588235,0.41176470600000004,0.41176470600000004,0.352941176,0.352941176,0.294117647,0.352941176,0.352941176,0.41176470600000004,0.41176470600000004,0.41176470600000004
0.33764705899999997,0.33617647100000003,0.328039216,0.323627451,0.327941176,0.328627451,0.324607843,0.31372549,0.295588235,0.27754902,0.267254902,0.259215686,0.251470588,0.245980392,0.245392157,0.238529412,0.229411765,0.220392157,0.213333333,0.209019608,0.20676470600000002,0.203529412,0.198431373,0.194019608,0.18980392199999999,0.190686275,0.19294117600000002,0.19421568600000003,0.189313725,0.18607843100000002
0.393039216,0.390490196,0.38284313700000006,0.376960784,0.381176471,0.380392157,0.37901960799999995,0.37107843100000004,0.35352941200000004,0.336764706,0.326176471,0.31872549,0.313235294,0.308039216,0.306960784,0.302254902,0.29362745100000004,0.28509803899999997,0.27803921600000003,0.27450980399999997,0.274313725,0.270294118,0.265686275,0.260294118,0.254607843,0.255882353,0.258137255,0.259509804,0.25392156899999996,0.250784314
0.288333333,0.287254902,0.281078431,0.278333333,0.282058824,0.28245098,0.277647059,0.268039216,0.249019608,0.230392157,0.21705882399999998,0.207941176,0.198921569,0.190294118,0.189901961,0.183431373,0.172352941,0.16245098,0.156764706,0.151176471,0.147352941,0.145,0.140392157,0.13715686300000002,0.132352941,0.13127451,0.132745098,0.136470588,0.131960784,0.128921569
0.584888889,0.5955,0.602,0.5995,0.597333333,0.602111111,0.598444444,0.6012222220000001,0.581944444,0.557666667,0.534388889,0.514388889,0.5051111110000001,0.49522222200000005,0.48866666700000005,0.47894444399999997,0.482777778,0.490944444,0.47722222200000003,0.46027777799999997,0.45283333299999995,0.461944444,0.462777778,0.46955555600000004,0.48272222200000003,0.48472222200000004,0.500111111,0.516333333,0.521777778,0.523444444
0.007574074,0.007574074,0.007574074,0.007555556,0.006722222,0.006722222,0.006722222,0.006722222,0.006722222,0.006666666999999999,0.006481481,0.0009259260000000001,0.0009259260000000001,0.000648148,0.00012963,0.00012963,0.000240741,0.00033333300000000006,0.00033333300000000006,0.00033333300000000006,0.00033333300000000006,0.000388889,0.000388889,0.000388889,0.000388889,0.000388889,0.000388889,0.00046296300000000005,0.00046296300000000005,0.00046296300000000005
0.5555555560000001,0.5555555560000001,0.611111111,0.611111111,0.611111111,0.666666667,0.611111111,0.611111111,0.5555555560000001,0.5,0.444444444,0.444444444,0.444444444,0.38888888899999996,0.38888888899999996,0.38888888899999996,0.444444444,0.5,0.5,0.5,0.444444444,0.444444444,0.38888888899999996,0.333333333,0.333333333,0.333333333,0.333333333,0.38888888899999996,0.444444444,0.38888888899999996
0.33314814800000003,0.33287037,0.32888888899999996,0.32212963,0.32212963,0.326851852,0.325648148,0.322685185,0.306574074,0.28648148100000004,0.27064814800000003,0.264074074,0.256481481,0.251111111,0.247962963,0.240555556,0.234166667,0.22574074100000002,0.215462963,0.20879629600000002,0.20759259300000002,0.208703704,0.204537037,0.19851851899999998,0.19537037,0.19037037,0.189537037,0.191944444,0.190462963,0.187407407
0.388518519,0.388518519,0.38277777799999996,0.37675925899999996,0.375740741,0.379814815,0.38,0.378518519,0.363518519,0.34453703700000005,0.330462963,0.323240741,0.316666667,0.313240741,0.30962963,0.304814815,0.29833333300000003,0.288425926,0.279907407,0.273240741,0.274259259,0.275,0.270740741,0.266574074,0.261018519,0.254722222,0.254444444,0.2575,0.255,0.2525
0.284166667,0.28277777800000004,0.281111111,0.274814815,0.275185185,0.280185185,0.27777777800000003,0.275092593,0.261666667,0.24,0.22166666699999998,0.21425925899999998,0.204074074,0.197037037,0.19296296300000002,0.185185185,0.177777778,0.16944444399999997,0.158518519,0.152592593,0.14851851900000002,0.149259259,0.146388889,0.140555556,0.13787037,0.1325,0.130185185,0.13296296300000002,0.133888889,0.129444444
0.591684211,0.585473684,0.5908947370000001,0.5958947370000001,0.6019473679999999,0.594526316,0.5929473679999999,0.599,0.59,0.571894737,0.552315789,0.530894737,0.507473684,0.5,0.501684211,0.480789474,0.47626315799999996,0.485789474,0.48373684200000006,0.467421053,0.45573684200000003,0.463210526,0.472421053,0.473473684,0.479842105,0.491263158,0.49421052600000004,0.509736842,0.518315789,0.520526316
0.007210526,0.0071754390000000005,0.0071754390000000005,0.0071754390000000005,0.007157895,0.006368421,0.006368421,0.006368421,0.006368421,0.006368421,0.0063157890000000005,0.006140351,0.0008771930000000001,0.0008771930000000001,0.0007368419999999999,0.000122807,0.00022807,0.000315789,0.000315789,0.000315789,0.000315789,0.00036842099999999996,0.00036842099999999996,0.00036842099999999996,0.00036842099999999996,0.00036842099999999996,0.00036842099999999996,0.00043859599999999997,0.00043859599999999997,0.00043859599999999997
0.578947368,0.526315789,0.578947368,0.6315789470000001,0.6315789470000001,0.6315789470000001,0.6315789470000001,0.6315789470000001,0.578947368,0.526315789,0.473684211,0.473684211,0.42105263200000004,0.42105263200000004,0.42105263200000004,0.36842105299999994,0.42105263200000004,0.473684211,0.473684211,0.473684211,0.473684211,0.473684211,0.42105263200000004,0.36842105299999994,0.31578947399999996,0.36842105299999994,0.31578947399999996,0.36842105299999994,0.42105263200000004,0.42105263200000004
0.338070175,0.328859649,0.326140351,0.32324561399999996,0.32078947399999996,0.321403509,0.324122807,0.32377193,0.315438596,0.297368421,0.279473684,0.26745614,0.26122807,0.255877193,0.252719298,0.243245614,0.236315789,0.23043859600000002,0.22078947399999999,0.211052632,0.20745614,0.209385965,0.209385965,0.20429824600000002,0.199561404,0.195614035,0.189298246,0.18877193,0.188508772,0.188596491
0.394824561,0.384473684,0.38131578899999996,0.377017544,0.375614035,0.374736842,0.379473684,0.379473684,0.37096491200000004,0.354473684,0.338157895,0.32745614,0.321052632,0.316491228,0.314473684,0.30745614,0.300964912,0.293157895,0.283333333,0.275263158,0.273070175,0.27491228100000004,0.27517543899999997,0.271315789,0.266929825,0.26078947399999997,0.253421053,0.254035088,0.253333333,0.25359649100000003
0.285438596,0.279122807,0.277192982,0.27517543899999997,0.272017544,0.27377193,0.275877193,0.275350877,0.268684211,0.25245614,0.23122807,0.21877193,0.210263158,0.202017544,0.19921052600000003,0.18833333300000002,0.17973684199999998,0.174736842,0.16535087699999998,0.154473684,0.15,0.150263158,0.150350877,0.14622807,0.14105263199999998,0.13771929800000002,0.131403509,0.130526316,0.130701754,0.131403509
0.6026,0.5919,0.5816,0.58565,0.5984,0.59905,0.5862,0.59375,0.58845,0.58005,0.5661,0.5481,0.5235,0.5025,0.5059,0.49355,0.47815,0.47945,0.4792,0.4741,0.46275,0.46545,0.4731,0.4821,0.48305,0.4881,0.49995,0.50365,0.51195,0.5173
0.00785,0.00685,0.006816666999999999,0.006816666999999999,0.006816666999999999,0.0068,0.00605,0.00605,0.00605,0.00605,0.00605,0.006,0.0058333330000000004,0.000833333,0.00095,0.0007,0.000216667,0.0003,0.0003,0.0003,0.0003,0.00035,0.00035,0.00035,0.00035,0.00035,0.00035,0.00041666699999999996,0.00041666699999999996,0.00041666699999999996
0.6,0.55,0.55,0.6,0.65,0.65,0.6,0.65,0.6,0.55,0.5,0.5,0.45,0.4,0.45,0.4,0.4,0.45,0.45,0.45,0.45,0.5,0.45,0.4,0.35,0.35,0.35,0.35,0.4,0.4
0.3455,0.33375,0.322666667,0.320916667,0.321916667,0.320166667,0.319083333,0.322416667,0.316833333,0.30625,0.290166667,0.276,0.26458333300000003,0.260416667,0.257166667,0.248,0.239083333,0.232666667,0.2255,0.21633333300000002,0.209666667,0.209166667,0.21,0.208916667,0.205,0.199583333,0.194333333,0.18858333300000002,0.18566666699999998,0.18683333300000002
0.401,0.390666667,0.377833333,0.37591666700000004,0.37591666700000004,0.374666667,0.374666667,0.379,0.37225,0.36200000000000004,0.347916667,0.334916667,0.32516666699999996,0.320666667,0.3175,0.312166667,0.303666667,0.29591666699999997,0.288083333,0.27875,0.275,0.27375,0.275083333,0.2755,0.271416667,0.266416667,0.25925,0.253083333,0.25025,0.252083333
0.293583333,0.280583333,0.27399999999999997,0.27175,0.2725,0.270833333,0.27,0.273666667,0.26925,0.259583333,0.2435,0.228,0.21475,0.20800000000000002,0.203833333,0.1945,0.183,0.17675,0.170583333,0.16116666699999999,0.151916667,0.15158333300000001,0.15125,0.15,0.146416667,0.14075,0.136416667,0.131666667,0.1285,0.1285
0.599095238,0.602285714,0.5879047620000001,0.577047619,0.58852381,0.595809524,0.5909047620000001,0.587285714,0.583952381,0.579047619,0.574142857,0.561428571,0.540238095,0.518,0.508,0.497952381,0.49042857100000004,0.481095238,0.47347619,0.470238095,0.46933333299999996,0.47166666700000004,0.474761905,0.482285714,0.490809524,0.490761905,0.49652381,0.5086666670000001,0.506047619,0.511285714
0.00747619,0.00747619,0.00652381,0.006492063,0.006492063,0.006492063,0.00647619,0.005761905,0.005761905,0.005761905,0.005761905,0.005761905,0.005714286,0.005555556,0.0009047619999999999,0.0009047619999999999,0.000761905,0.000285714,0.000285714,0.000285714,0.000285714,0.00033333300000000006,0.00033333300000000006,0.00033333300000000006,0.00033333300000000006,0.00033333300000000006,0.00033333300000000006,0.000396825,0.000396825,0.000396825
0.6190476189999999,0.571428571,0.571428571,0.571428571,0.6190476189999999,0.666666667,0.6190476189999999,0.6190476189999999,0.6190476189999999,0.571428571,0.523809524,0.523809524,0.47619047600000003,0.428571429,0.428571429,0.428571429,0.428571429,0.428571429,0.428571429,0.428571429,0.428571429,0.47619047600000003,0.47619047600000003,0.428571429,0.380952381,0.380952381,0.333333333,0.380952381,0.380952381,0.380952381
0.35174603200000004,0.341031746,0.327619048,0.317857143,0.319761905,0.321269841,0.318015873,0.317698413,0.315873016,0.308015873,0.298968254,0.286349206,0.272857143,0.26365079399999997,0.261428571,0.252460317,0.24380952399999997,0.23547619,0.227857143,0.221031746,0.214761905,0.21119047600000002,0.209761905,0.20952381,0.20936507899999998,0.204761905,0.198174603,0.193412698,0.185634921,0.184206349
0.40674603200000004,0.396746032,0.384047619,0.37285714299999995,0.374920635,0.375,0.374603175,0.374444444,0.37214285700000005,0.363650794,0.355396825,0.34436507899999996,0.332380952,0.324603175,0.321428571,0.31515873,0.308333333,0.298730159,0.29095238100000004,0.283492063,0.278333333,0.27555555600000003,0.27396825399999997,0.275396825,0.275396825,0.270714286,0.26468254,0.25865079399999996,0.24952381,0.249206349
0.29984127,0.288571429,0.27563492100000003,0.26896825399999996,0.269365079,0.271349206,0.267380952,0.268174603,0.267936508,0.260555556,0.250714286,0.23984127,0.22373015899999998,0.21238095199999998,0.20944444399999998,0.19912698399999998,0.189126984,0.18,0.172698413,0.166349206,0.15841269800000002,0.15333333300000002,0.15246031699999998,0.150873016,0.15,0.145873016,0.139365079,0.136428571,0.12968254,0.126507937
0.595090909,0.598954545,0.598,0.583272727,0.580181818,0.5865,0.588181818,0.5917272729999999,0.578227273,0.575181818,0.573454545,0.5693181820000001,0.553318182,0.534227273,0.522545455,0.500318182,0.494772727,0.492681818,0.47531818200000003,0.46518181799999997,0.465863636,0.477545455,0.480272727,0.483454545,0.49059090899999996,0.49781818200000005,0.49868181799999994,0.505,0.510727273,0.505681818
0.007136364,0.007136364,0.007136364,0.006227273,0.00619697,0.00619697,0.00619697,0.006181818,0.0055,0.0055,0.0055,0.0055,0.0055,0.005454545,0.0054090909999999996,0.0008636360000000001,0.000954545,0.00080303,0.000272727,0.000272727,0.000272727,0.000318182,0.000318182,0.000318182,0.000318182,0.000318182,0.000318182,0.000378788,0.000378788,0.000378788
0.590909091,0.590909091,0.590909091,0.590909091,0.590909091,0.636363636,0.636363636,0.636363636,0.590909091,0.590909091,0.545454545,0.545454545,0.5,0.454545455,0.454545455,0.409090909,0.454545455,0.454545455,0.409090909,0.409090909,0.409090909,0.454545455,0.454545455,0.454545455,0.409090909,0.409090909,0.363636364,0.363636364,0.409090909,0.363636364
0.35537878799999995,0.34719697,0.334848485,0.32280303,0.31689393899999996,0.31924242399999997,0.319166667,0.31674242399999997,0.311666667,0.3075,0.300984848,0.294924242,0.282878788,0.271590909,0.264469697,0.25674242399999997,0.248257576,0.240151515,0.23075757600000002,0.223484848,0.219318182,0.215984848,0.211666667,0.209318182,0.20992424199999998,0.20893939399999997,0.20318181800000001,0.197121212,0.19037878800000002,0.184242424
0.41151515200000005,0.40242424200000004,0.390151515,0.379015152,0.372045455,0.37409090899999997,0.374924242,0.374393939,0.36810606100000004,0.36393939399999997,0.357272727,0.35166666700000004,0.34151515200000004,0.331515152,0.325151515,0.31901515199999997,0.311363636,0.303409091,0.29386363600000004,0.28643939399999996,0.282878788,0.27871212100000003,0.275681818,0.27431818199999997,0.27530303,0.274545455,0.268863636,0.263863636,0.255,0.24856060600000002
0.301969697,0.294772727,0.283484848,0.270757576,0.266818182,0.268409091,0.268030303,0.265757576,0.262954545,0.25969697,0.252045455,0.24689393899999998,0.23522727300000001,0.22106060600000002,0.21356060600000001,0.20469697,0.193787879,0.185984848,0.175984848,0.168560606,0.16348484800000002,0.159469697,0.154090909,0.152045455,0.150833333,0.149318182,0.144318182,0.139242424,0.13431818199999998,0.127727273
0.58826087,0.595130435,0.595,0.593130435,0.586,0.578608696,0.579608696,0.589086957,0.582869565,0.570086957,0.57,0.568869565,0.561217391,0.547,0.537869565,0.514565217,0.49717391299999997,0.49673913,0.486652174,0.467304348,0.46121739100000003,0.473869565,0.485521739,0.48834782600000004,0.491347826,0.49730434799999995,0.5050869570000001,0.506695652,0.507130435,0.5101739129999999
0.006826087,0.006826087,0.006826087,0.006826087,0.005956522,0.005927536,0.005927536,0.005927536,0.005913043000000001,0.00526087,0.00526087,0.00526087,0.00526087,0.00526087,0.0053188409999999995,0.005173913,0.000913043,0.000985507,0.0007681160000000001,0.00026087,0.00026087,0.00030434799999999997,0.00030434799999999997,0.00030434799999999997,0.00030434799999999997,0.00030434799999999997,0.00030434799999999997,0.000362319,0.000362319,0.000362319
0.565217391,0.565217391,0.608695652,0.608695652,0.608695652,0.608695652,0.608695652,0.6521739129999999,0.608695652,0.565217391,0.565217391,0.565217391,0.52173913,0.47826087,0.47826087,0.434782609,0.434782609,0.47826087,0.434782609,0.39130434799999997,0.39130434799999997,0.434782609,0.434782609,0.434782609,0.434782609,0.434782609,0.39130434799999997,0.39130434799999997,0.39130434799999997,0.39130434799999997
0.356014493,0.350869565,0.341014493,0.329927536,0.321666667,0.31652173899999997,0.317318841,0.31789855100000003,0.311014493,0.30384058,0.300797101,0.297028986,0.291231884,0.281231884,0.27202898600000003,0.259855072,0.25253623199999997,0.244565217,0.235434783,0.226449275,0.22173913,0.220289855,0.21623188399999999,0.21115942,0.209710145,0.20949275399999998,0.20724637699999998,0.201956522,0.19405797100000002,0.18884058
0.412898551,0.40717391299999994,0.395869565,0.385072464,0.377971014,0.37137681200000006,0.374057971,0.374710145,0.368333333,0.360434783,0.357826087,0.353623188,0.348623188,0.340289855,0.33173913,0.322681159,0.315217391,0.30652173899999996,0.298550725,0.28942029,0.28572463800000003,0.283043478,0.278695652,0.275942029,0.27427536199999997,0.274492754,0.27260869600000004,0.26789855100000004,0.260144928,0.25384058
0.302173913,0.297028986,0.28963768100000004,0.278478261,0.268623188,0.266014493,0.26536231899999996,0.266449275,0.260869565,0.255289855,0.251594203,0.24833333300000002,0.24217391300000002,0.232173913,0.22181159399999997,0.20884058,0.199347826,0.19057971,0.18188405800000002,0.171884058,0.165724638,0.16427536199999998,0.159927536,0.153623188,0.15195652199999998,0.150144928,0.147681159,0.14398550699999998,0.13710144900000001,0.132246377
0.579291667,0.588583333,0.5915,0.590458333,0.595333333,0.58425,0.572333333,0.580833333,0.580708333,0.574875,0.565333333,0.56575,0.561125,0.5548333329999999,0.549958333,0.5295833329999999,0.5109583329999999,0.498958333,0.49079166700000004,0.4785,0.463416667,0.469083333,0.48166666700000005,0.493041667,0.49570833299999995,0.49775,0.504291667,0.5125,0.5086666670000001,0.50675
0.006541666999999999,0.006541666999999999,0.006541666999999999,0.006541666999999999,0.006541666999999999,0.005708333,0.005680556,0.005680556,0.005680556,0.005666666999999999,0.0050416670000000005,0.0050416670000000005,0.0050416670000000005,0.0050416670000000005,0.005138889000000001,0.005097222,0.0050416670000000005,0.0009444439999999999,0.0009444439999999999,0.000736111,0.00025,0.000291667,0.000291667,0.000291667,0.000291667,0.000291667,0.000291667,0.00034722199999999995,0.00034722199999999995,0.00034722199999999995
0.541666667,0.541666667,0.583333333,0.625,0.625,0.625,0.583333333,0.625,0.625,0.583333333,0.541666667,0.583333333,0.541666667,0.5,0.5,0.45833333299999995,0.45833333299999995,0.45833333299999995,0.45833333299999995,0.41666666700000005,0.375,0.41666666700000005,0.41666666700000005,0.41666666700000005,0.41666666700000005,0.45833333299999995,0.41666666700000005,0.41666666700000005,0.41666666700000005,0.375
0.356041667,0.35166666700000004,0.344791667,0.33604166700000004,0.328541667,0.321111111,0.314791667,0.316180556,0.312361111,0.303541667,0.29756944399999996,0.297013889,0.29340277800000003,0.289305556,0.28125,0.267291667,0.25569444399999997,0.24881944399999997,0.23986111100000002,0.231111111,0.224652778,0.22256944399999998,0.22034722199999998,0.215555556,0.211458333,0.209305556,0.207847222,0.205902778,0.19881944399999998,0.192430556
0.41375,0.40868055600000003,0.400694444,0.390763889,0.383819444,0.37708333299999997,0.371458333,0.373888889,0.368888889,0.360972222,0.35472222200000003,0.354305556,0.350625,0.347152778,0.340138889,0.32909722199999997,0.318888889,0.310416667,0.30173611100000003,0.294097222,0.28861111100000003,0.285763889,0.282847222,0.27881944399999997,0.275833333,0.273541667,0.272638889,0.271527778,0.26416666699999997,0.258819444
0.302361111,0.297430556,0.29201388899999997,0.284583333,0.276111111,0.267777778,0.26319444399999997,0.263958333,0.261736111,0.253611111,0.247708333,0.248055556,0.24375,0.238958333,0.232430556,0.216944444,0.20354166699999998,0.196041667,0.186458333,0.177708333,0.16902777800000002,0.166388889,0.164513889,0.15923611099999999,0.153472222,0.15125,0.148541667,0.14722222199999999,0.141736111,0.135
0.57768,0.57996,0.58536,0.58728,0.59268,0.59328,0.578,0.5738,0.57312,0.57312,0.57012,0.5614399999999999,0.5584399999999999,0.555,0.5573600000000001,0.54152,0.52552,0.51212,0.49316000000000004,0.4828,0.47431999999999996,0.47088,0.47676,0.48904,0.49992,0.50168,0.50444,0.51144,0.5141600000000001,0.5082399999999999
0.00628,0.00628,0.00628,0.00628,0.00628,0.00628,0.00548,0.005453333,0.005453333,0.005453333,0.0054399999999999995,0.00484,0.00484,0.00484,0.004933333,0.004933333,0.004973333,0.004906667,0.000906667,0.000906667,0.000706667,0.00028,0.00028,0.00028,0.00028,0.00028,0.00028,0.00033333300000000006,0.00033333300000000006,0.00033333300000000006
0.52,0.52,0.56,0.6,0.64,0.64,0.6,0.6,0.6,0.6,0.56,0.56,0.56,0.52,0.52,0.48,0.48,0.48,0.44,0.44,0.4,0.4,0.4,0.4,0.4,0.44,0.44,0.44,0.44,0.4
0.359333333,0.351866667,0.3458,0.339866667,0.334466667,0.327733333,0.319266667,0.3138,0.31093333300000003,0.305133333,0.297533333,0.294066667,0.293533333,0.291466667,0.289,0.276333333,0.263,0.252,0.244133333,0.235533333,0.2292,0.225333333,0.222533333,0.219533333,0.215666667,0.21100000000000002,0.20773333300000002,0.206533333,0.20273333300000002,0.197066667
0.417733333,0.40966666700000004,0.4024,0.3956,0.38933333299999995,0.38273333299999995,0.376933333,0.3714,0.368333333,0.3618,0.355466667,0.351466667,0.3514,0.349133333,0.346733333,0.337266667,0.3252,0.314133333,0.305666667,0.29733333300000003,0.293133333,0.288533333,0.285466667,0.2828,0.2786,0.275066667,0.2718,0.2716,0.2678,0.262733333
0.304266667,0.2978,0.2926,0.287066667,0.282066667,0.275,0.265,0.261933333,0.25953333300000003,0.254733333,0.2464,0.244466667,0.243666667,0.2406,0.238933333,0.227333333,0.21153333300000002,0.2002,0.191866667,0.182266667,0.17473333300000002,0.169533333,0.166533333,0.163666667,0.158866667,0.152733333,0.149666667,0.14806666699999999,0.144933333,0.139533333
0.581038462,0.578384615,0.577192308,0.581538462,0.589538462,0.590807692,0.586923077,0.579192308,0.566653846,0.566115385,0.568615385,0.566192308,0.5545769229999999,0.552653846,0.557423077,0.5489615379999999,0.537153846,0.526076923,0.506038462,0.485384615,0.478615385,0.481076923,0.47819230799999995,0.484038462,0.495807692,0.5055,0.507961538,0.511307692,0.513076923,0.5135384620000001
0.006038462,0.006038462,0.006038462,0.006038462,0.006038462,0.006038462,0.006038462,0.005269231,0.00524359,0.00524359,0.00524359,0.0052307690000000006,0.004653846,0.004653846,0.00474359,0.00474359,0.004820513,0.004846154,0.004717949,0.000871795,0.000871795,0.000717949,0.000269231,0.000269231,0.000269231,0.000269231,0.000269231,0.00032051299999999997,0.00032051299999999997,0.00032051299999999997
0.5,0.5,0.538461538,0.576923077,0.615384615,0.653846154,0.615384615,0.615384615,0.576923077,0.576923077,0.576923077,0.576923077,0.538461538,0.538461538,0.538461538,0.5,0.5,0.5,0.46153846200000004,0.423076923,0.423076923,0.423076923,0.384615385,0.384615385,0.384615385,0.423076923,0.423076923,0.46153846200000004,0.46153846200000004,0.423076923
0.36282051299999996,0.35519230799999996,0.34621794899999997,0.341025641,0.33820512799999997,0.333461538,0.325705128,0.318141026,0.308846154,0.304038462,0.299294872,0.294166667,0.290833333,0.291666667,0.291089744,0.283974359,0.271858974,0.259166667,0.247371795,0.239807692,0.233525641,0.229679487,0.225192308,0.22166666699999998,0.21948717899999998,0.215064103,0.20942307699999999,0.206474359,0.203461538,0.200897436
0.42141025600000004,0.413653846,0.403589744,0.39743589700000004,0.39403846200000003,0.38807692299999996,0.382371795,0.376666667,0.366153846,0.361538462,0.35647435899999996,0.352307692,0.34878205100000004,0.34993589700000005,0.348653846,0.34371794899999997,0.333205128,0.320384615,0.309423077,0.301282051,0.296282051,0.292884615,0.288141026,0.285320513,0.282435897,0.27775641,0.273333333,0.270833333,0.268012821,0.266282051
0.308012821,0.299807692,0.293141026,0.287820513,0.284551282,0.280769231,0.272051282,0.263717949,0.25775641,0.252884615,0.24775641,0.243333333,0.240384615,0.240641026,0.24051282100000002,0.23378205100000002,0.221730769,0.20801282100000001,0.19602564100000003,0.187628205,0.17923076899999998,0.175,0.169551282,0.165641026,0.163141026,0.15794871800000002,0.151153846,0.149166667,0.145833333,0.14269230800000002
0.585851852,0.581592593,0.575777778,0.573814815,0.583925926,0.587851852,0.584777778,0.5877407410000001,0.572111111,0.560148148,0.5620370370000001,0.564888889,0.559407407,0.549148148,0.555074074,0.549333333,0.544481481,0.5372592589999999,0.519703704,0.498074074,0.481259259,0.48496296299999997,0.48774074100000003,0.48514814799999995,0.49074074100000004,0.5013333329999999,0.511407407,0.514444444,0.512888889,0.512518519
0.005938272,0.005814815,0.005814815,0.005814815,0.005814815,0.005814815,0.005814815,0.005814815,0.0050740740000000005,0.005049383,0.005049383,0.005049383,0.005037037,0.004481481,0.004567901,0.004567901,0.004641975,0.004703704,0.004666667,0.00454321,0.0008395060000000001,0.000876543,0.000691358,0.000259259,0.000259259,0.000259259,0.000259259,0.00030864200000000003,0.00030864200000000003,0.00030864200000000003
0.518518519,0.481481481,0.518518519,0.5555555560000001,0.592592593,0.62962963,0.62962963,0.62962963,0.592592593,0.5555555560000001,0.5555555560000001,0.592592593,0.5555555560000001,0.518518519,0.5555555560000001,0.518518519,0.518518519,0.518518519,0.481481481,0.444444444,0.40740740700000005,0.444444444,0.40740740700000005,0.37037037,0.37037037,0.40740740700000005,0.40740740700000005,0.444444444,0.481481481,0.444444444
0.366358025,0.358703704,0.34962963,0.34160493799999997,0.33938271600000003,0.337098765,0.331296296,0.324382716,0.31320987699999997,0.302283951,0.29845679,0.295987654,0.291049383,0.289135802,0.291296296,0.28617284,0.27938271600000003,0.267839506,0.254444444,0.24308642,0.23771604899999998,0.23382716,0.22938271600000001,0.224259259,0.22154321,0.21876543199999998,0.213395062,0.208148148,0.20351851899999998,0.201666667
0.424135802,0.41734567899999997,0.40765432100000004,0.39876543200000003,0.39586419799999994,0.39265432100000003,0.387530864,0.38191358,0.37141975299999996,0.35969135799999996,0.35641975299999995,0.35339506200000004,0.34969135799999995,0.347469136,0.34944444399999997,0.345679012,0.339567901,0.328271605,0.315617284,0.30506172800000003,0.300123457,0.295925926,0.29234567899999997,0.287901235,0.284876543,0.28148148100000003,0.27598765399999997,0.272345679,0.267407407,0.26654321
0.312654321,0.30358024699999997,0.29524691399999997,0.288518519,0.28537037,0.283209877,0.27771604899999996,0.27055555600000003,0.25962963,0.251419753,0.24623456800000001,0.244753086,0.23944444399999998,0.23759259300000002,0.240555556,0.235493827,0.228148148,0.217962963,0.20370370399999999,0.191790123,0.184506173,0.17932098800000001,0.174814815,0.168580247,0.16506172800000002,0.162098765,0.15623456800000002,0.150617284,0.146975309,0.143641975
0.58425,0.586214286,0.578964286,0.572571429,0.576392857,0.5825,0.582142857,0.5856428570000001,0.5806071429999999,0.565642857,0.556428571,0.5586785710000001,0.5583928570000001,0.5539999999999999,0.551607143,0.5473571429999999,0.545,0.544321429,0.530714286,0.511535714,0.49364285700000005,0.487285714,0.49125,0.49410714299999997,0.491571429,0.49625,0.507178571,0.517535714,0.515857143,0.512357143
0.00572619,0.00572619,0.005607143,0.005607143,0.005607143,0.005607143,0.005607143,0.005607143,0.005607143,0.0048928570000000005,0.004869048,0.004869048,0.004869048,0.0048571429999999995,0.0044047620000000004,0.0044047620000000004,0.00447619,0.004535714000000001,0.004535714000000001,0.0045,0.0043809520000000005,0.000845238,0.000845238,0.000666667,0.00025,0.00025,0.00025,0.000297619,0.000297619,0.000297619
0.5,0.5,0.5,0.535714286,0.571428571,0.607142857,0.607142857,0.642857143,0.607142857,0.571428571,0.535714286,0.571428571,0.571428571,0.535714286,0.535714286,0.535714286,0.535714286,0.535714286,0.5,0.46428571399999996,0.428571429,0.428571429,0.428571429,0.39285714299999996,0.35714285700000004,0.39285714299999996,0.39285714299999996,0.428571429,0.46428571399999996,0.46428571399999996
0.370595238,0.362261905,0.353214286,0.345059524,0.34,0.33827381,0.334880952,0.329821429,0.319404762,0.30672619,0.296964286,0.295297619,0.292916667,0.289404762,0.288869048,0.286547619,0.281666667,0.275238095,0.26297619,0.250059524,0.24095238100000002,0.23785714300000002,0.23339285699999998,0.228333333,0.22404761899999998,0.22077381,0.21702381,0.21202381,0.205238095,0.20178571399999998
0.428035714,0.420119048,0.411428571,0.402857143,0.397202381,0.394464286,0.391964286,0.386904762,0.376666667,0.365,0.35482142899999997,0.35345238100000004,0.35083333299999997,0.34839285700000006,0.347083333,0.346547619,0.34160714299999995,0.334583333,0.323392857,0.311190476,0.303809524,0.299642857,0.295297619,0.291964286,0.28738095199999997,0.283869048,0.27964285699999997,0.274940476,0.268988095,0.266011905
0.316904762,0.308214286,0.299047619,0.290714286,0.286130952,0.284047619,0.280178571,0.276071429,0.266369048,0.253452381,0.24505952399999997,0.243392857,0.24095238100000002,0.23678571399999998,0.237619048,0.23571428600000002,0.23,0.224285714,0.21345238100000002,0.199345238,0.188630952,0.184404762,0.178988095,0.173690476,0.167916667,0.163988095,0.160297619,0.155535714,0.148452381,0.144821429
0.5845862070000001,0.5846551720000001,0.583517241,0.575758621,0.575103448,0.575275862,0.577172414,0.583068966,0.5788275860000001,0.574068966,0.561862069,0.55337931,0.55262069,0.553206897,0.556206897,0.544275862,0.543241379,0.544827586,0.537758621,0.522448276,0.506793103,0.499034483,0.493275862,0.497275862,0.5,0.49686206899999996,0.5020689660000001,0.513241379,0.5187931029999999,0.515241379
0.005528735999999999,0.005528735999999999,0.005528735999999999,0.005413793,0.005413793,0.005413793,0.005413793,0.005413793,0.005413793,0.005413793,0.004724138,0.004701149,0.004701149,0.004701149,0.004770115,0.004252874,0.004321839,0.00437931,0.00437931,0.00437931,0.004344828,0.004264368,0.0008160919999999999,0.0008160919999999999,0.0006436780000000001,0.000241379,0.000241379,0.000287356,0.000287356,0.000287356
0.482758621,0.482758621,0.517241379,0.517241379,0.551724138,0.5862068970000001,0.5862068970000001,0.620689655,0.620689655,0.5862068970000001,0.551724138,0.551724138,0.551724138,0.551724138,0.551724138,0.517241379,0.551724138,0.551724138,0.517241379,0.482758621,0.448275862,0.448275862,0.413793103,0.413793103,0.379310345,0.379310345,0.379310345,0.413793103,0.448275862,0.448275862
0.374770115,0.366494253,0.35683908,0.34867816100000004,0.343390805,0.338908046,0.33609195399999997,0.333333333,0.324827586,0.312931034,0.301436782,0.293965517,0.292356322,0.291264368,0.289137931,0.284367816,0.282183908,0.277586207,0.27028735600000003,0.25844827600000003,0.247758621,0.24097701100000002,0.237298851,0.232241379,0.227988506,0.22321839100000002,0.21902298899999997,0.215574713,0.20908046,0.203505747
0.43247126399999997,0.42402298899999996,0.414310345,0.40666666700000004,0.401206897,0.39580459799999995,0.393735632,0.39120689700000005,0.381666667,0.370287356,0.36011494299999997,0.352011494,0.350977011,0.34954023,0.34798850600000003,0.344367816,0.34258620700000003,0.33672413799999995,0.329655172,0.318850575,0.309770115,0.30321839100000003,0.29890804600000004,0.29482758600000003,0.29132183899999997,0.28632183899999997,0.282011494,0.27850574699999997,0.271609195,0.26758620699999996
0.32178160899999997,0.31247126399999997,0.303678161,0.29454023,0.288333333,0.284827586,0.281091954,0.27850574699999997,0.27183908,0.26017241399999996,0.24724137899999998,0.24235632199999999,0.239770115,0.238333333,0.23683908,0.233045977,0.23040229899999998,0.226206897,0.21971264399999998,0.20890804600000001,0.196034483,0.188390805,0.18390804600000002,0.177758621,0.172873563,0.166781609,0.16218390800000002,0.159482759,0.15327586199999998,0.146321839
0.586766667,0.584966667,0.5821,0.5802666670000001,0.5781,0.574066667,0.570366667,0.578233333,0.576566667,0.572566667,0.570133333,0.5587333329999999,0.5477,0.5478,0.555366667,0.5489666670000001,0.5404,0.543133333,0.538466667,0.5295333329999999,0.5175,0.511566667,0.5044333329999999,0.49903333299999997,0.502866667,0.504833333,0.502466667,0.5081,0.5146,0.5181
0.005344444,0.005344444,0.005344444,0.005344444,0.005233333,0.005233333,0.005233333,0.005233333,0.005233333,0.005233333,0.005233333,0.004566667,0.004544444,0.004544444,0.0046222220000000005,0.004611110999999999,0.004177778,0.004233333,0.004233333,0.004233333,0.004233333,0.004233333,0.004122222,0.000788889,0.000788889,0.000622222,0.00023333299999999998,0.000277778,0.000277778,0.000277778
0.46666666700000003,0.46666666700000003,0.5,0.533333333,0.533333333,0.566666667,0.566666667,0.6,0.6,0.6,0.566666667,0.566666667,0.533333333,0.533333333,0.566666667,0.533333333,0.533333333,0.566666667,0.533333333,0.5,0.46666666700000003,0.46666666700000003,0.433333333,0.4,0.4,0.4,0.36666666700000006,0.4,0.433333333,0.433333333
0.378888889,0.370666667,0.36111111100000004,0.35233333299999997,0.34694444399999996,0.342222222,0.33677777799999997,0.33455555600000003,0.32838888899999996,0.318388889,0.307611111,0.298388889,0.291166667,0.290777778,0.29094444399999997,0.284777778,0.28022222199999997,0.278222222,0.272722222,0.26566666699999997,0.255944444,0.247555556,0.240333333,0.23605555600000003,0.23177777800000002,0.22705555600000002,0.221444444,0.217555556,0.21261111100000002,0.207277778
0.43727777799999995,0.428444444,0.418277778,0.409611111,0.40494444399999996,0.399722222,0.39505555600000003,0.392944444,0.386,0.375333333,0.365388889,0.35722222200000003,0.34966666700000004,0.349722222,0.34911111100000003,0.34533333299999996,0.340611111,0.33783333299999996,0.33188888899999996,0.325055556,0.317222222,0.309,0.302388889,0.29833333300000003,0.29411111100000004,0.290166667,0.28444444399999996,0.280833333,0.275166667,0.27016666699999997
0.325555556,0.317333333,0.307944444,0.299166667,0.29211111100000003,0.287,0.28194444399999996,0.27944444399999996,0.274333333,0.26566666699999997,0.253944444,0.244555556,0.238888889,0.237277778,0.238333333,0.23244444399999997,0.228,0.226722222,0.221722222,0.21511111100000002,0.205388889,0.19555555600000002,0.187777778,0.182555556,0.176833333,0.171611111,0.164944444,0.161333333,0.15716666699999998,0.151055556
