0.654,0.494,0.45,0.491,0.6609999999999999,0.674,0.539,0.52,0.509,0.335,0.47100000000000003,0.595,0.841,0.546,0.45899999999999996,0.735,0.408,0.428,0.44299999999999995,0.594,0.594,0.536,0.534,0.385,0.413,0.505,0.7,0.6559999999999999,0.616,0.57
0.0,0.0,0.0,0.0,0.006,0.0,0.0,0.0,0.003333333,0.0,0.0,0.0,0.013666667,0.007666666999999999,0.0,0.010333333,0.0,0.0,0.0,0.0,0.0,0.0,0.0,0.0,0.0,0.0,0.00033333300000000006,0.0,0.0,0.0
0.0,0.0,0.0,0.0,1.0,0.0,1.0,1.0,1.0,0.0,0.0,1.0,1.0,1.0,0.0,1.0,0.0,0.0,0.0,0.0,0.0,0.0,0.0,0.0,0.0,1.0,1.0,0.0,0.0,0.0
0.243333333,0.136666667,0.135,0.193333333,0.238333333,0.2,0.10166666699999999,0.10333333300000001,0.10166666699999999,0.07,0.155,0.235,0.245,0.11333333300000001,0.105,0.171666667,0.055,0.03,0.071666667,0.133333333,0.145,0.165,0.173333333,0.1,0.111666667,0.196666667,0.25,0.241666667,0.215,0.215
0.303333333,0.18333333300000001,0.203333333,0.255,0.263333333,0.236666667,0.151666667,0.175,0.173333333,0.133333333,0.236666667,0.275,0.26,0.25,0.166666667,0.25,0.17,0.095,0.15333333300000002,0.23,0.21666666699999998,0.251666667,0.238333333,0.143333333,0.19,0.273333333,0.32,0.305,0.28,0.283333333
0.171666667,0.096666667,0.07666666700000001,0.12,0.21833333300000002,0.151666667,0.041666667000000004,0.023333332999999998,0.021666667,0.008333333,0.061666667,0.19166666699999999,0.21833333300000002,0.071666667,0.056666667000000004,0.105,-0.0016666670000000001,-0.023333332999999998,0.003333333,0.048333333,0.093333333,0.10333333300000001,0.136666667,0.071666667,0.045,0.11833333300000001,0.205,0.2,0.178333333,0.15833333300000002
0.7120000000000001,0.574,0.47200000000000003,0.4705,0.5760000000000001,0.6675,0.6065,0.5295,0.5145,0.42200000000000004,0.40299999999999997,0.5329999999999999,0.718,0.6935,0.5025,0.597,0.5715,0.418,0.4355,0.5185,0.594,0.565,0.535,0.4595,0.39899999999999997,0.45899999999999996,0.6025,0.6779999999999999,0.636,0.593
0.0,0.0,0.0,0.0,0.003,0.003,0.0,0.0,0.0016666670000000001,0.0016666670000000001,0.0,0.0,0.0068333330000000005,0.010666667,0.003833333,0.005166667,0.005166667,0.0,0.0,0.0,0.0,0.0,0.0,0.0,0.0,0.0,0.000166667,0.000166667,0.0,0.0
0.0,0.0,0.0,0.0,0.5,0.5,0.5,1.0,1.0,0.5,0.0,0.5,1.0,1.0,0.5,0.5,0.5,0.0,0.0,0.0,0.0,0.0,0.0,0.0,0.0,0.5,1.0,0.5,0.0,0.0
0.26,0.19,0.135833333,0.164166667,0.21583333300000002,0.21916666699999998,0.150833333,0.1025,0.1025,0.08583333300000001,0.1125,0.195,0.24,0.179166667,0.109166667,0.138333333,0.11333333300000001,0.0425,0.050833333,0.1025,0.139166667,0.155,0.169166667,0.136666667,0.105833333,0.15416666699999998,0.223333333,0.24583333300000001,0.228333333,0.215
0.3125,0.243333333,0.193333333,0.229166667,0.259166667,0.25,0.194166667,0.163333333,0.174166667,0.15333333300000002,0.185,0.255833333,0.2675,0.255,0.208333333,0.208333333,0.21,0.1325,0.124166667,0.19166666699999999,0.223333333,0.234166667,0.245,0.190833333,0.166666667,0.231666667,0.296666667,0.3125,0.2925,0.281666667
0.200833333,0.134166667,0.08666666699999999,0.09833333300000001,0.169166667,0.185,0.096666667,0.0325,0.0225,0.015,0.035,0.12666666699999998,0.205,0.145,0.064166667,0.080833333,0.051666667,-0.0125,-0.01,0.025833332999999997,0.070833333,0.09833333300000001,0.12,0.10416666699999999,0.058333333,0.081666667,0.161666667,0.2025,0.18916666699999998,0.168333333
0.736,0.639333333,0.532666667,0.47833333299999997,0.534,0.608666667,0.6246666670000001,0.577666667,0.5226666670000001,0.454666667,0.438333333,0.467,0.6356666670000001,0.660666667,0.6153333329999999,0.58,0.534,0.523666667,0.426333333,0.488333333,0.543666667,0.574666667,0.554666667,0.485,0.444,0.434333333,0.539333333,0.6203333329999999,0.657333333,0.614
0.000555556,0.0,0.0,0.0,0.002,0.002,0.002,0.0,0.0011111110000000001,0.0011111110000000001,0.0011111110000000001,0.0,0.004555556,0.007111111,0.007111111,0.006,0.003444444,0.003444444,0.0,0.0,0.0,0.0,0.0,0.0,0.0,0.0,0.000111111,0.000111111,0.000111111,0.0
0.333333333,0.0,0.0,0.0,0.333333333,0.333333333,0.666666667,0.666666667,1.0,0.666666667,0.333333333,0.333333333,0.666666667,1.0,0.666666667,0.666666667,0.333333333,0.333333333,0.0,0.0,0.0,0.0,0.0,0.0,0.0,0.333333333,0.666666667,0.666666667,0.333333333,0.0
0.28222222199999997,0.21888888899999998,0.171666667,0.155,0.18888888899999998,0.210555556,0.18,0.135,0.10222222199999999,0.091666667,0.108888889,0.15333333300000002,0.211666667,0.19777777800000002,0.15444444400000001,0.13,0.110555556,0.08555555599999999,0.052222222,0.078333333,0.11666666699999999,0.147777778,0.161111111,0.146111111,0.128333333,0.136111111,0.18611111100000002,0.229444444,0.23555555600000003,0.22388888899999998
0.337777778,0.269444444,0.23,0.213888889,0.240555556,0.251666667,0.217222222,0.187777778,0.166666667,0.160555556,0.18111111100000002,0.215,0.257222222,0.261666667,0.22555555600000002,0.222222222,0.19555555600000002,0.171666667,0.139444444,0.159444444,0.2,0.23277777800000002,0.23555555600000003,0.21111111100000002,0.19055555600000001,0.20222222199999998,0.261111111,0.299444444,0.301666667,0.28944444399999997
0.22777777800000001,0.166111111,0.115,0.09777777800000001,0.138333333,0.163333333,0.137222222,0.072222222,0.028888888999999997,0.017777778,0.030555556,0.08722222199999999,0.157222222,0.160555556,0.11555555599999999,0.07777777799999999,0.053333333,0.026666667,-0.0072222219999999995,0.009444444,0.048333333,0.081666667,0.111111111,0.103888889,0.08444444400000001,0.078333333,0.122777778,0.17444444399999998,0.194444444,0.178888889
0.7515,0.6755,0.5920000000000001,0.52225,0.524,0.569,0.59125,0.5985,0.5605,0.47575,0.45875,0.4775,0.5605,0.61325,0.61025,0.64525,0.537,0.5075,0.5035,0.46825,0.51475,0.54175,0.5645,0.51225,0.467,0.45925,0.50075,0.5685,0.61925,0.6355
0.015833333,0.00041666699999999996,0.0,0.0,0.0015,0.0015,0.0015,0.0015,0.000833333,0.000833333,0.000833333,0.000833333,0.003416667,0.005333333000000001,0.005333333000000001,0.007916666999999999,0.0045,0.0025833329999999997,0.0025833329999999997,0.0,0.0,0.0,0.0,0.0,0.0,0.0,8.329999999999999e-05,8.329999999999999e-05,8.329999999999999e-05,8.329999999999999e-05
0.5,0.25,0.0,0.0,0.25,0.25,0.5,0.75,0.75,0.75,0.5,0.5,0.5,0.75,0.75,0.75,0.5,0.25,0.25,0.0,0.0,0.0,0.0,0.0,0.0,0.25,0.5,0.5,0.5,0.25
0.285416667,0.24583333300000001,0.197916667,0.177083333,0.175833333,0.19166666699999999,0.18333333300000001,0.160833333,0.12666666699999998,0.094166667,0.1075,0.140416667,0.17625,0.18708333300000002,0.174583333,0.15875,0.11125,0.09041666699999999,0.082083333,0.0725,0.095,0.12875,0.15416666699999998,0.145833333,0.1375,0.145416667,0.164583333,0.2,0.225833333,0.230416667
0.335416667,0.299166667,0.252916667,0.23625,0.22625,0.239583333,0.226666667,0.206666667,0.184166667,0.15833333300000002,0.179583333,0.204583333,0.22625,0.255416667,0.237916667,0.231666667,0.209166667,0.170416667,0.167083333,0.162083333,0.17375,0.212916667,0.234166667,0.2125,0.205833333,0.21125,0.231666667,0.272083333,0.294583333,0.297083333
0.234583333,0.195,0.14375,0.11625,0.12791666699999998,0.141666667,0.132916667,0.10875,0.059583332999999995,0.02375,0.02875,0.070833333,0.12,0.135833333,0.134583333,0.112916667,0.057916667000000005,0.034166667000000005,0.020833333,0.006666666999999999,0.030416667,0.062083333,0.095416667,0.10125,0.08916666699999999,0.092916667,0.11,0.142083333,0.175416667,0.18541666699999998
0.7114,0.7,0.6304,0.5718,0.55,0.5539999999999999,0.563,0.5770000000000001,0.5806,0.5154,0.4748,0.486,0.5502,0.5576,0.5824,0.6352,0.5978,0.5152,0.4946,0.5216,0.4934,0.519,0.5402,0.5286,0.4924,0.4746,0.5074,0.5318,0.578,0.6094
0.012666667,0.012666667,0.00033333300000000006,0.0,0.0012,0.0012,0.0012,0.0012,0.001866667,0.000666667,0.000666667,0.000666667,0.0034,0.004266667,0.004266667,0.006333333000000001,0.006333333000000001,0.0036,0.0020666670000000003,0.0020666670000000003,0.0,0.0,0.0,0.0,0.0,0.0,6.670000000000001e-05,6.670000000000001e-05,6.670000000000001e-05,6.670000000000001e-05
0.4,0.4,0.2,0.0,0.2,0.2,0.4,0.6,0.8,0.6,0.6,0.6,0.6,0.6,0.6,0.8,0.6,0.4,0.2,0.2,0.0,0.0,0.0,0.0,0.0,0.2,0.4,0.4,0.4,0.4
0.273333333,0.255666667,0.22366666699999999,0.19699999999999998,0.18933333300000002,0.180666667,0.173666667,0.167333333,0.149,0.11533333300000001,0.106333333,0.133,0.161333333,0.163666667,0.170666667,0.174,0.138,0.095,0.08666666699999999,0.092333333,0.087,0.109,0.137666667,0.143333333,0.139,0.149333333,0.166333333,0.18,0.203,0.22366666699999999
0.32966666699999997,0.305,0.28,0.253333333,0.241666667,0.228333333,0.222,0.21633333300000002,0.2,0.174,0.174,0.198666667,0.215666667,0.231,0.237666667,0.240333333,0.21933333300000002,0.18633333300000002,0.16699999999999998,0.179666667,0.17300000000000001,0.18933333300000002,0.218,0.21600000000000003,0.20800000000000002,0.21933333300000002,0.233,0.24633333300000002,0.273666667,0.29233333300000003
0.217,0.207,0.171333333,0.139,0.136666667,0.132666667,0.12166666699999999,0.111,0.091333333,0.049333333,0.031333333,0.061333333,0.10033333300000001,0.110333333,0.12,0.12866666699999998,0.09,0.041666667000000004,0.027999999999999997,0.026333332999999997,0.024,0.045,0.077,0.09066666699999999,0.09,0.095,0.11533333300000001,0.128,0.149333333,0.172
0.6875,0.675166667,0.658333333,0.607166667,0.586666667,0.570666667,0.5515,0.5558333329999999,0.565666667,0.539666667,0.508,0.494833333,0.545166667,0.5495,0.541166667,0.607833333,0.597333333,0.5695,0.503166667,0.511166667,0.533666667,0.5005,0.5215,0.514333333,0.5093333329999999,0.4945,0.512166667,0.532166667,0.5458333329999999,0.576666667
0.010555556,0.010555556,0.010555556,0.000277778,0.001,0.001,0.001,0.001,0.001555556,0.001555556,0.000555556,0.000555556,0.002833333,0.004111111,0.0035555559999999996,0.005277778,0.005277778,0.005277778,0.003,0.001722222,0.001722222,0.0,0.0,0.0,0.0,0.0,5.56e-05,5.56e-05,5.56e-05,5.56e-05
0.333333333,0.333333333,0.333333333,0.166666667,0.166666667,0.166666667,0.333333333,0.5,0.666666667,0.666666667,0.5,0.666666667,0.666666667,0.666666667,0.5,0.666666667,0.666666667,0.5,0.333333333,0.166666667,0.166666667,0.0,0.0,0.0,0.0,0.166666667,0.333333333,0.333333333,0.333333333,0.333333333
0.255555556,0.250555556,0.23555555600000003,0.21861111100000002,0.203888889,0.19111111100000003,0.1675,0.161944444,0.156388889,0.135833333,0.121944444,0.127777778,0.151666667,0.15333333300000002,0.153888889,0.170833333,0.15416666699999998,0.12,0.091111111,0.094444444,0.10111111099999999,0.1,0.11972222199999999,0.131388889,0.138055556,0.148611111,0.166111111,0.178888889,0.18583333300000002,0.205
0.316388889,0.305277778,0.288055556,0.275833333,0.255,0.240833333,0.215555556,0.214166667,0.209166667,0.18888888899999998,0.18444444399999999,0.190833333,0.208888889,0.22138888899999998,0.220277778,0.23972222199999998,0.228611111,0.198611111,0.180833333,0.1775,0.18583333300000002,0.18611111100000002,0.1975,0.20555555600000003,0.211666667,0.21888888899999998,0.236111111,0.245,0.251944444,0.27527777800000003
0.1975,0.196944444,0.185277778,0.162777778,0.152222222,0.139166667,0.1175,0.105277778,0.096111111,0.0775,0.05138888900000001,0.058055555999999994,0.0875,0.095555556,0.10138888900000001,0.1175,0.106944444,0.07111111099999999,0.035277777999999996,0.031388888999999996,0.0375,0.037222222,0.060277778,0.076111111,0.083055556,0.094722222,0.11333333300000001,0.129444444,0.136388889,0.150833333
0.668285714,0.659857143,0.643,0.634428571,0.6148571429999999,0.599142857,0.566142857,0.547,0.549142857,0.532714286,0.529857143,0.5204285710000001,0.544285714,0.545285714,0.536571429,0.568857143,0.579285714,0.573142857,0.551428571,0.5161428570000001,0.523,0.534,0.505285714,0.502,0.49985714299999995,0.508714286,0.523857143,0.532714286,0.544142857,0.549285714
0.009047619,0.009047619,0.009047619,0.009047619,0.0010952380000000001,0.000857143,0.000857143,0.000857143,0.001333333,0.001333333,0.001333333,0.00047619,0.002428571,0.00352381,0.00352381,0.00452381,0.00452381,0.00452381,0.00452381,0.002571429,0.00147619,0.00147619,0.0,0.0,0.0,0.0,4.7600000000000005e-05,4.7600000000000005e-05,4.7600000000000005e-05,4.7600000000000005e-05
0.28571428600000004,0.28571428600000004,0.28571428600000004,0.28571428600000004,0.28571428600000004,0.14285714300000002,0.28571428600000004,0.428571429,0.571428571,0.571428571,0.571428571,0.571428571,0.7142857140000001,0.7142857140000001,0.571428571,0.571428571,0.571428571,0.571428571,0.428571429,0.28571428600000004,0.14285714300000002,0.14285714300000002,0.0,0.0,0.0,0.14285714300000002,0.28571428600000004,0.28571428600000004,0.28571428600000004,0.28571428600000004
0.23928571399999998,0.23857142899999997,0.23404761899999998,0.22952381,0.22142857100000002,0.203333333,0.178333333,0.15833333300000002,0.15333333300000002,0.14404761900000002,0.138571429,0.138095238,0.14452381,0.14619047599999999,0.146428571,0.156428571,0.154285714,0.136428571,0.113095238,0.097142857,0.10166666699999999,0.110238095,0.11047619,0.116904762,0.12857142900000001,0.146428571,0.163095238,0.176904762,0.184047619,0.19
0.305,0.297380952,0.290714286,0.283333333,0.27404761899999996,0.252380952,0.228095238,0.209761905,0.208333333,0.198333333,0.19571428600000002,0.197380952,0.20071428600000002,0.214761905,0.21357142899999998,0.22452381,0.229761905,0.20952381,0.192142857,0.187857143,0.18309523800000002,0.195238095,0.193571429,0.189761905,0.203333333,0.22047619,0.233333333,0.24595238100000003,0.25,0.256428571
0.180238095,0.18309523800000002,0.179761905,0.17595238100000002,0.17071428600000002,0.152142857,0.125238095,0.10404761900000001,0.093333333,0.083571429,0.075238095,0.071428571,0.08095238099999999,0.085238095,0.09,0.101904762,0.10047619,0.08833333300000001,0.061428570999999994,0.037142857,0.040238095,0.046904762,0.051428571,0.061904762,0.071666667,0.088095238,0.11047619,0.125714286,0.136428571,0.13952381
0.648875,0.6465,0.633625,0.624,0.63775,0.62225,0.591625,0.560375,0.54225,0.522375,0.525,0.5379999999999999,0.5605,0.5445,0.5345,0.561375,0.54875,0.560375,0.556875,0.55675,0.525875,0.524625,0.534,0.49025,0.490875,0.5005,0.532625,0.540375,0.543125,0.547375
0.007916666999999999,0.007916666999999999,0.007916666999999999,0.007916666999999999,0.008666667,0.000958333,0.00075,0.00075,0.001166667,0.001166667,0.001166667,0.001166667,0.002125,0.0030833329999999997,0.0030833329999999997,0.004375,0.003958333,0.003958333,0.003958333,0.003958333,0.00225,0.001291667,0.001291667,0.0,0.0,0.0,4.1700000000000004e-05,4.1700000000000004e-05,4.1700000000000004e-05,4.1700000000000004e-05
0.25,0.25,0.25,0.25,0.375,0.25,0.25,0.375,0.5,0.5,0.5,0.625,0.625,0.75,0.625,0.625,0.5,0.5,0.5,0.375,0.25,0.125,0.125,0.0,0.0,0.125,0.25,0.25,0.25,0.25
0.223333333,0.226458333,0.225625,0.228958333,0.230625,0.21875,0.190625,0.16895833300000002,0.15125,0.142916667,0.145416667,0.150625,0.151458333,0.140625,0.14104166699999998,0.149583333,0.14375,0.13875,0.128333333,0.115625,0.103125,0.109583333,0.118125,0.109166667,0.11625,0.137083333,0.159375,0.172916667,0.181666667,0.18791666699999998
0.288541667,0.289791667,0.285625,0.28625,0.280833333,0.269375,0.239791667,0.221458333,0.20520833300000002,0.19895833300000001,0.203125,0.205625,0.20520833300000002,0.206875,0.20875,0.218125,0.217708333,0.212916667,0.2025,0.196875,0.191458333,0.19166666699999999,0.200625,0.187291667,0.189791667,0.212083333,0.232916667,0.242291667,0.250208333,0.254166667
0.164375,0.16979166699999998,0.16979166699999998,0.17229166699999998,0.18125,0.168333333,0.138333333,0.1125,0.09375,0.082708333,0.080833333,0.08979166699999999,0.08979166699999999,0.079791667,0.081666667,0.091875,0.088958333,0.085,0.077708333,0.059791667,0.044166667,0.048125,0.058125,0.053958333,0.059791667,0.0775,0.10270833300000001,0.12166666699999999,0.132291667,0.139166667
0.6273333329999999,0.6316666670000001,0.6246666670000001,0.617777778,0.628111111,0.641777778,0.613,0.583666667,0.554666667,0.519222222,0.5166666670000001,0.5327777779999999,0.571666667,0.558888889,0.535,0.556777778,0.544333333,0.535333333,0.547333333,0.561,0.560888889,0.527,0.525666667,0.517444444,0.48166666700000005,0.492444444,0.5226666670000001,0.546333333,0.5487777779999999,0.546111111
0.0070370369999999995,0.0070370369999999995,0.0070370369999999995,0.0070370369999999995,0.0077037040000000005,0.0077037040000000005,0.000851852,0.000666667,0.001037037,0.001037037,0.001037037,0.001037037,0.002555556,0.0027407409999999997,0.0027407409999999997,0.0038888890000000004,0.0038888890000000004,0.0035185190000000003,0.0035185190000000003,0.0035185190000000003,0.0035185190000000003,0.002,0.001148148,0.001148148,0.0,0.0,3.7e-05,3.7e-05,3.7e-05,3.7e-05
0.222222222,0.222222222,0.222222222,0.222222222,0.333333333,0.333333333,0.333333333,0.333333333,0.444444444,0.444444444,0.444444444,0.5555555560000001,0.666666667,0.666666667,0.666666667,0.666666667,0.5555555560000001,0.444444444,0.444444444,0.444444444,0.333333333,0.222222222,0.111111111,0.111111111,0.0,0.111111111,0.222222222,0.222222222,0.222222222,0.222222222
0.206851852,0.213703704,0.21629629600000003,0.222037037,0.23,0.227222222,0.205740741,0.18092592600000001,0.161481481,0.14222222199999998,0.144259259,0.15537037,0.161111111,0.14722222199999999,0.136666667,0.144444444,0.139074074,0.131111111,0.131296296,0.128888889,0.118888889,0.11,0.11666666699999999,0.116111111,0.109444444,0.125185185,0.14962963,0.16851851899999998,0.17759259300000002,0.18537037
0.271296296,0.276851852,0.280185185,0.28222222199999997,0.283703704,0.275925926,0.25629629600000003,0.23259259300000001,0.21611111100000002,0.197222222,0.203148148,0.21111111100000002,0.211666667,0.210185185,0.20240740699999998,0.213333333,0.212777778,0.204074074,0.20629629600000002,0.20555555600000003,0.199074074,0.198148148,0.196851852,0.194259259,0.187592593,0.199074074,0.22407407399999998,0.240925926,0.246481481,0.253888889
0.149444444,0.15685185199999999,0.159444444,0.164259259,0.177407407,0.177962963,0.154259259,0.12555555599999998,0.10240740699999999,0.084259259,0.08037037,0.09314814800000001,0.104074074,0.087777778,0.07722222200000001,0.084259259,0.081481481,0.07648148099999999,0.07592592599999999,0.074444444,0.06351851900000001,0.050740741,0.057962963,0.05962963,0.052962962999999995,0.06629629599999999,0.091666667,0.113518519,0.127962963,0.135185185
0.607,0.614,0.6135,0.6113,0.6221,0.6327,0.6315,0.6037,0.5762,0.5327,0.5144,0.5245,0.5636,0.5691,0.5489,0.555,0.5419,0.5327,0.5261,0.552,0.5643,0.5584,0.5277,0.5116,0.507,0.484,0.5132,0.536,0.5533,0.5509
0.006333333000000001,0.006333333000000001,0.006333333000000001,0.006333333000000001,0.006933333000000001,0.006933333000000001,0.006933333000000001,0.000766667,0.0009333330000000001,0.0009333330000000001,0.0009333330000000001,0.0009333330000000001,0.0023,0.003066667,0.002466667,0.0035,0.0035,0.0035,0.003166667,0.003166667,0.003166667,0.003166667,0.0018,0.001033333,0.001033333,0.0,3.3299999999999996e-05,3.3299999999999996e-05,3.3299999999999996e-05,3.3299999999999996e-05
0.2,0.2,0.2,0.2,0.3,0.3,0.4,0.4,0.4,0.4,0.4,0.5,0.6,0.7,0.6,0.7,0.6,0.5,0.4,0.4,0.4,0.3,0.2,0.1,0.1,0.1,0.2,0.2,0.2,0.2
0.1975,0.199833333,0.205833333,0.214,0.22366666699999999,0.22699999999999998,0.214666667,0.1955,0.17300000000000001,0.15233333300000002,0.1435,0.15333333300000002,0.164333333,0.15633333300000002,0.14300000000000002,0.140166667,0.1355,0.12816666699999998,0.12516666699999998,0.1315,0.1305,0.1235,0.11633333300000001,0.115,0.11566666699999999,0.11816666699999999,0.137666667,0.15883333300000002,0.173166667,0.181333333
0.260333333,0.2625,0.2695,0.277666667,0.280333333,0.27899999999999997,0.2635,0.24816666699999998,0.226666667,0.207833333,0.201166667,0.210333333,0.21600000000000003,0.2155,0.205833333,0.207166667,0.209,0.201,0.19899999999999998,0.208666667,0.206666667,0.204333333,0.202166667,0.1915,0.193833333,0.196166667,0.211166667,0.232166667,0.24483333300000001,0.250166667
0.141166667,0.144166667,0.148833333,0.1555,0.169666667,0.174833333,0.164333333,0.141166667,0.11516666699999999,0.09300000000000001,0.08199999999999999,0.0915,0.10566666699999999,0.10083333300000001,0.08466666699999999,0.08,0.075666667,0.071,0.069166667,0.073166667,0.076333333,0.0675,0.059333332999999995,0.059333332999999995,0.058166667000000005,0.0595,0.080166667,0.1025,0.12,0.131
0.620909091,0.596727273,0.599090909,0.602363636,0.615818182,0.6268181820000001,0.6241818179999999,0.621363636,0.595090909,0.5542727270000001,0.527090909,0.521727273,0.5532727270000001,0.562,0.559090909,0.565818182,0.541636364,0.531545455,0.524545455,0.5322727270000001,0.555818182,0.5617272729999999,0.556181818,0.514727273,0.502636364,0.5068181820000001,0.503636364,0.526181818,0.5432727270000001,0.554818182
0.006333333000000001,0.0057575759999999995,0.0057575759999999995,0.0057575759999999995,0.00630303,0.00630303,0.00630303,0.00630303,0.001,0.000848485,0.000848485,0.000848485,0.0020909089999999997,0.002787879,0.002787879,0.003181818,0.003181818,0.003181818,0.003181818,0.0028787879999999997,0.0028787879999999997,0.0028787879999999997,0.0028787879999999997,0.001636364,0.000939394,0.000939394,3.0299999999999998e-05,3.0299999999999998e-05,3.0299999999999998e-05,3.0299999999999998e-05
0.272727273,0.181818182,0.181818182,0.181818182,0.272727273,0.272727273,0.363636364,0.454545455,0.454545455,0.363636364,0.363636364,0.454545455,0.545454545,0.636363636,0.636363636,0.636363636,0.636363636,0.545454545,0.454545455,0.363636364,0.363636364,0.363636364,0.272727273,0.181818182,0.090909091,0.181818182,0.181818182,0.181818182,0.181818182,0.181818182
0.195454545,0.191969697,0.193939394,0.20469697,0.216212121,0.221515152,0.21560606100000002,0.204545455,0.186969697,0.163636364,0.152575758,0.151818182,0.161666667,0.15969697,0.151666667,0.145606061,0.132424242,0.125909091,0.12303030300000001,0.125909091,0.132727273,0.133636364,0.128030303,0.114848485,0.11469697,0.12303030300000001,0.130151515,0.147121212,0.16393939400000002,0.17696969699999998
0.25575757600000004,0.253333333,0.257121212,0.268181818,0.276363636,0.276363636,0.267424242,0.255454545,0.24136363600000002,0.218181818,0.210454545,0.207878788,0.214848485,0.21909090899999997,0.211060606,0.209848485,0.20378787899999998,0.19863636399999998,0.196666667,0.20181818199999998,0.20939393899999997,0.210757576,0.20742424199999998,0.19681818199999998,0.191363636,0.201060606,0.20742424199999998,0.21969697,0.236515152,0.24833333300000002
0.141363636,0.137121212,0.13803030300000002,0.146212121,0.16121212099999999,0.16803030300000002,0.162727273,0.151515152,0.13030303,0.105454545,0.090151515,0.09196969699999999,0.103030303,0.102575758,0.09681818199999999,0.086515152,0.072575758,0.066666667,0.064848485,0.067272727,0.075,0.078787879,0.073787879,0.060454545,0.058030303,0.063636364,0.072727273,0.091060606,0.10939393900000001,0.12348484800000001
0.613666667,0.6103333329999999,0.5845,0.5900833329999999,0.60725,0.6206666670000001,0.6195,0.6155,0.612,0.573416667,0.547333333,0.53275,0.548333333,0.552666667,0.553416667,0.57375,0.552666667,0.532166667,0.524166667,0.530333333,0.537416667,0.5541666670000001,0.559416667,0.5419166670000001,0.50625,0.502833333,0.5229166670000001,0.516333333,0.533666667,0.5455
0.0058333330000000004,0.005805556,0.005277778,0.005277778,0.005777778000000001,0.005777778000000001,0.005777778000000001,0.005777778000000001,0.006055556,0.000916667,0.000777778,0.000777778,0.0019166670000000002,0.002555556,0.002555556,0.003416667,0.002916667,0.002916667,0.002916667,0.002916667,0.002638889,0.002638889,0.002638889,0.002638889,0.0015,0.000861111,0.0008888889999999999,2.78e-05,2.78e-05,2.78e-05
0.333333333,0.25,0.166666667,0.166666667,0.25,0.25,0.333333333,0.41666666700000005,0.5,0.41666666700000005,0.333333333,0.41666666700000005,0.5,0.583333333,0.583333333,0.666666667,0.583333333,0.583333333,0.5,0.41666666700000005,0.333333333,0.333333333,0.333333333,0.25,0.166666667,0.166666667,0.25,0.166666667,0.166666667,0.166666667
0.19125,0.19055555600000001,0.187222222,0.19388888899999998,0.2075,0.21486111100000002,0.211527778,0.20625,0.195972222,0.17722222199999998,0.162916667,0.159444444,0.159583333,0.157638889,0.155138889,0.15333333300000002,0.138055556,0.123888889,0.121388889,0.123888889,0.1275,0.135416667,0.136944444,0.12569444400000002,0.11458333300000001,0.121527778,0.133611111,0.139444444,0.152777778,0.168194444
0.25125,0.249722222,0.24916666699999998,0.256944444,0.267777778,0.27305555600000003,0.265972222,0.259722222,0.24861111100000002,0.232361111,0.219722222,0.21583333300000002,0.212222222,0.217777778,0.214722222,0.214305556,0.206527778,0.194722222,0.194861111,0.199444444,0.20305555600000003,0.212916667,0.213055556,0.202083333,0.19625,0.198194444,0.210972222,0.215555556,0.224722222,0.240416667
0.136111111,0.13763888900000001,0.132083333,0.13652777800000002,0.152222222,0.16041666699999999,0.1575,0.151111111,0.140694444,0.120138889,0.10180555599999999,0.098611111,0.1025,0.10041666699999999,0.09875,0.0975,0.079166667,0.06458333299999999,0.061388889,0.06347222200000001,0.06944444400000001,0.077361111,0.083611111,0.07361111099999999,0.059166667,0.063055556,0.075416667,0.083333333,0.09833333300000001,0.113472222
0.617615385,0.604461538,0.598,0.577307692,0.595538462,0.612384615,0.614384615,0.611846154,0.607307692,0.5906923079999999,0.565538462,0.551,0.556461538,0.5481538460000001,0.545461538,0.567384615,0.561,0.543076923,0.525307692,0.529538462,0.535230769,0.5373076920000001,0.552615385,0.546,0.532,0.506153846,0.518,0.533153846,0.524,0.536461538
0.006871795,0.005384615,0.005358974,0.004871795,0.005333333000000001,0.005333333000000001,0.005333333000000001,0.005333333000000001,0.005589744000000001,0.005589744000000001,0.0008461539999999999,0.000717949,0.001769231,0.002358974,0.002358974,0.0031538459999999996,0.0031538459999999996,0.002692308,0.002692308,0.002692308,0.002692308,0.0024358970000000002,0.0024358970000000002,0.0024358970000000002,0.0024358970000000002,0.001384615,0.000820513,0.000820513,2.56e-05,2.56e-05
0.384615385,0.307692308,0.23076923100000002,0.153846154,0.23076923100000002,0.23076923100000002,0.307692308,0.384615385,0.46153846200000004,0.46153846200000004,0.384615385,0.384615385,0.46153846200000004,0.538461538,0.538461538,0.615384615,0.615384615,0.538461538,0.538461538,0.46153846200000004,0.384615385,0.307692308,0.307692308,0.307692308,0.23076923100000002,0.23076923100000002,0.23076923100000002,0.23076923100000002,0.153846154,0.153846154
0.190897436,0.18705128199999999,0.186282051,0.187692308,0.19730769199999998,0.20692307699999998,0.206153846,0.203205128,0.198205128,0.186282051,0.175512821,0.168461538,0.166025641,0.156025641,0.153589744,0.156410256,0.145769231,0.12974359,0.119871795,0.122307692,0.125512821,0.130384615,0.138333333,0.134102564,0.124615385,0.120897436,0.131410256,0.14192307699999998,0.14525641,0.157564103
0.250128205,0.24602564100000002,0.246153846,0.249615385,0.25743589699999997,0.265384615,0.263717949,0.258974359,0.253076923,0.23974359,0.23269230800000001,0.22397435899999998,0.219230769,0.215128205,0.21384615399999998,0.217435897,0.21089743600000002,0.197948718,0.191538462,0.19756410300000002,0.20076923100000002,0.206794872,0.214871795,0.20769230800000002,0.20115384600000003,0.202179487,0.207564103,0.218205128,0.22051282100000003,0.22923076899999997
0.136923077,0.133076923,0.13294871800000002,0.131153846,0.142820513,0.152179487,0.151282051,0.147179487,0.141153846,0.130512821,0.115641026,0.10871794900000001,0.107820513,0.100128205,0.09705128199999999,0.09923076900000001,0.089871795,0.071282051,0.059871795,0.060384615,0.065769231,0.07205128200000001,0.081923077,0.08269230799999999,0.07141025599999999,0.06371794900000001,0.073974359,0.085,0.090641026,0.10294871800000001
0.603,0.608785714,0.593428571,0.590357143,0.583285714,0.601142857,0.607142857,0.607642857,0.6045,0.5878571429999999,0.582142857,0.5676428570000001,0.571714286,0.5557142860000001,0.541785714,0.5589999999999999,0.556,0.5515,0.535928571,0.530214286,0.5341428570000001,0.535285714,0.5370714289999999,0.540642857,0.5365,0.530071429,0.52,0.527857143,0.5390714289999999,0.527285714
0.006380952,0.006380952,0.005,0.00497619,0.004952381,0.004952381,0.004952381,0.004952381,0.005190475999999999,0.005190475999999999,0.005190475999999999,0.000785714,0.0016428570000000002,0.0021904760000000002,0.0021904760000000002,0.0029285709999999996,0.0029285709999999996,0.0029285709999999996,0.0025,0.0025,0.0025,0.0025,0.002261905,0.002261905,0.002261905,0.002261905,0.0013095239999999998,0.000761905,0.000761905,2.3800000000000003e-05
0.35714285700000004,0.35714285700000004,0.28571428600000004,0.214285714,0.214285714,0.214285714,0.28571428600000004,0.35714285700000004,0.428571429,0.428571429,0.428571429,0.428571429,0.428571429,0.5,0.5,0.571428571,0.571428571,0.571428571,0.5,0.5,0.428571429,0.35714285700000004,0.28571428600000004,0.28571428600000004,0.28571428600000004,0.28571428600000004,0.28571428600000004,0.214285714,0.214285714,0.14285714300000002
0.19119047600000003,0.18702381,0.18333333300000001,0.186785714,0.19130952399999998,0.1975,0.19940476199999999,0.198809524,0.195952381,0.18904761899999997,0.184047619,0.179761905,0.173928571,0.162261905,0.152380952,0.154880952,0.149166667,0.1375,0.125595238,0.120833333,0.123928571,0.128333333,0.133452381,0.135595238,0.1325,0.129761905,0.13011904800000001,0.139285714,0.147142857,0.150238095
0.25,0.245357143,0.24297619,0.246785714,0.250595238,0.255952381,0.257261905,0.257380952,0.252857143,0.24452381,0.23952381,0.23571428600000002,0.22654761899999998,0.22142857100000002,0.211666667,0.21642857100000001,0.214047619,0.202619048,0.194761905,0.194285714,0.19892857100000003,0.204404762,0.209047619,0.209761905,0.206428571,0.206309524,0.21059523800000002,0.21452381,0.222619048,0.225
0.13797619,0.134047619,0.129047619,0.13202381,0.137380952,0.143452381,0.144285714,0.14214285699999998,0.138214286,0.131666667,0.125595238,0.12107142900000001,0.116547619,0.105238095,0.09702381,0.09761904800000001,0.09202381,0.08178571400000001,0.06642857099999999,0.059047619,0.062738095,0.06845238099999999,0.07666666700000001,0.081190476,0.08,0.074761905,0.073809524,0.08297619,0.091666667,0.09547619
0.6074,0.595733333,0.5982,0.5866,0.595066667,0.589333333,0.597,0.601333333,0.601066667,0.586533333,0.580066667,0.583,0.585866667,0.57,0.549266667,0.554666667,0.548933333,0.547466667,0.544266667,0.5398,0.534466667,0.534266667,0.5352,0.526933333,0.532133333,0.5344,0.5414,0.529066667,0.5337333329999999,0.541133333
0.0071555559999999995,0.005955556,0.005955556,0.004666667,0.005044444,0.0046222220000000005,0.0046222220000000005,0.0046222220000000005,0.004844444,0.004844444,0.004844444,0.004844444,0.001644444,0.002044444,0.002044444,0.0027333329999999997,0.0027333329999999997,0.0027333329999999997,0.0027333329999999997,0.002333333,0.002333333,0.002333333,0.002333333,0.002111111,0.002111111,0.002111111,0.002133333,0.001222222,0.0007111110000000001,0.0007111110000000001
0.4,0.333333333,0.333333333,0.26666666699999997,0.26666666699999997,0.2,0.26666666699999997,0.333333333,0.4,0.4,0.4,0.46666666700000003,0.46666666700000003,0.46666666700000003,0.46666666700000003,0.533333333,0.533333333,0.533333333,0.533333333,0.46666666700000003,0.46666666700000003,0.4,0.333333333,0.26666666699999997,0.26666666699999997,0.333333333,0.333333333,0.26666666699999997,0.2,0.2
0.19699999999999998,0.187555556,0.183555556,0.184,0.190222222,0.19188888899999998,0.19111111100000003,0.193,0.192333333,0.187555556,0.186777778,0.187444444,0.18411111100000002,0.169888889,0.15844444400000002,0.15366666699999998,0.148222222,0.14122222199999998,0.133111111,0.126111111,0.122444444,0.12666666699999998,0.131333333,0.131222222,0.134,0.13677777800000002,0.13777777800000002,0.137555556,0.144333333,0.151666667
0.255555556,0.245555556,0.242555556,0.243777778,0.24788888899999997,0.24966666699999998,0.249,0.251777778,0.251777778,0.244888889,0.244,0.241888889,0.237333333,0.228111111,0.217777778,0.214222222,0.213333333,0.206111111,0.199333333,0.197111111,0.195777778,0.20244444399999997,0.206666667,0.204666667,0.20844444399999998,0.210888889,0.213888889,0.21688888899999997,0.21888888899999998,0.226666667
0.143666667,0.135222222,0.130222222,0.128444444,0.13777777800000002,0.138333333,0.136666667,0.136222222,0.134111111,0.129555556,0.127,0.13,0.127555556,0.113555556,0.102,0.097555556,0.091,0.08433333300000001,0.076555556,0.065222222,0.061333333,0.065444444,0.073,0.076333333,0.07877777799999999,0.082555556,0.083444444,0.082222222,0.089333333,0.096111111
0.6009375,0.6003125,0.586625,0.5915,0.59125,0.6,0.5861875,0.5921875,0.5955625,0.5844375,0.5793125,0.581,0.599125,0.583375,0.5630625,0.560875,0.5455,0.541375,0.5409375,0.547375,0.5431875,0.5345625,0.53425,0.5258125,0.5198125,0.5304375,0.54475,0.5485625,0.5345,0.536
0.006708333,0.006708333,0.005583333,0.005583333,0.00475,0.004729167,0.004333333,0.004333333,0.004541667,0.004541667,0.004541667,0.004541667,0.005395833,0.002020833,0.0019166670000000002,0.0025625,0.0025625,0.0025625,0.0025625,0.0025625,0.0021875,0.0021875,0.0021875,0.0021875,0.001979167,0.001979167,0.002,0.002,0.001145833,0.000666667
0.375,0.375,0.3125,0.3125,0.3125,0.25,0.25,0.3125,0.375,0.375,0.375,0.4375,0.5,0.5,0.4375,0.5,0.5,0.5,0.5,0.5,0.4375,0.4375,0.375,0.3125,0.25,0.3125,0.375,0.3125,0.25,0.1875
0.203333333,0.19322916699999998,0.184270833,0.184166667,0.187395833,0.190833333,0.18625,0.185625,0.187291667,0.1846875,0.185520833,0.189791667,0.191041667,0.1796875,0.165833333,0.159270833,0.1475,0.140833333,0.136875,0.133125,0.127291667,0.125104167,0.129583333,0.129375,0.13,0.137916667,0.143854167,0.14427083300000001,0.142395833,0.14875
0.262604167,0.25104166699999997,0.242916667,0.243333333,0.245,0.2471875,0.243541667,0.244375,0.246875,0.244375,0.244375,0.2459375,0.24302083300000002,0.238125,0.224270833,0.219791667,0.211458333,0.2059375,0.2028125,0.20125,0.198333333,0.199270833,0.2046875,0.20270833300000002,0.20375,0.2125,0.217708333,0.21958333300000002,0.22083333300000002,0.22291666699999999
0.15135416699999998,0.140729167,0.1315625,0.129583333,0.1340625,0.138645833,0.132291667,0.129583333,0.1290625,0.12625,0.1253125,0.131041667,0.135520833,0.1240625,0.11,0.1021875,0.09135416699999999,0.08385416700000001,0.079270833,0.074791667,0.066979167,0.06395833299999999,0.069895833,0.072916667,0.074375,0.08125,0.090208333,0.090729167,0.088229167,0.09364583300000001
0.593764706,0.594647059,0.591470588,0.581,0.595588235,0.596117647,0.596411765,0.582294118,0.587294118,0.580235294,0.577764706,0.580235294,0.596294118,0.596,0.576058824,0.573176471,0.551882353,0.538588235,0.535588235,0.5440588239999999,0.550117647,0.542764706,0.534529412,0.525470588,0.519176471,0.518941176,0.540411765,0.5512941179999999,0.552529412,0.536588235
0.006313725,0.006313725,0.006313725,0.005254902,0.005607843,0.004470588,0.00445098,0.0040784309999999995,0.00427451,0.00427451,0.00427451,0.00427451,0.005078431,0.005529411999999999,0.001901961,0.002411765,0.002411765,0.002411765,0.002411765,0.002411765,0.002411765,0.002058824,0.002058824,0.002058824,0.002058824,0.001862745,0.0018823529999999998,0.0018823529999999998,0.0018823529999999998,0.0010784310000000001
0.352941176,0.352941176,0.352941176,0.294117647,0.352941176,0.294117647,0.294117647,0.294117647,0.352941176,0.352941176,0.352941176,0.41176470600000004,0.470588235,0.529411765,0.470588235,0.470588235,0.470588235,0.470588235,0.470588235,0.470588235,0.470588235,0.41176470600000004,0.41176470600000004,0.352941176,0.294117647,0.294117647,0.352941176,0.352941176,0.294117647,0.235294118
0.205196078,0.199411765,0.18980392199999999,0.18480392199999998,0.18735294100000002,0.188137255,0.185588235,0.181372549,0.180686275,0.180392157,0.182941176,0.188431373,0.193039216,0.18647058800000002,0.175294118,0.166176471,0.153137255,0.140588235,0.13676470599999999,0.136666667,0.133823529,0.129509804,0.127941176,0.127843137,0.128333333,0.133921569,0.144509804,0.14960784300000002,0.148431373,0.146666667
0.26578431399999997,0.257941176,0.248235294,0.24362745100000002,0.244509804,0.244509804,0.24156862699999998,0.239509804,0.240196078,0.240196078,0.24392156899999998,0.246176471,0.24676470600000003,0.243431373,0.233921569,0.22578431399999999,0.216862745,0.204607843,0.20284313699999998,0.204411765,0.20215686300000002,0.201470588,0.201568627,0.201078431,0.20196078399999998,0.20784313699999998,0.218823529,0.222843137,0.223137255,0.22450980399999998
0.151372549,0.148137255,0.136960784,0.130882353,0.134803922,0.135098039,0.132941176,0.125882353,0.12323529400000001,0.121960784,0.12245098,0.129215686,0.136176471,0.131764706,0.120098039,0.10970588199999999,0.09607843099999999,0.084607843,0.079117647,0.07745098,0.075882353,0.069117647,0.068235294,0.07,0.07127451,0.076960784,0.08852941199999999,0.096666667,0.095882353,0.092352941
0.588333333,0.5882222220000001,0.586611111,0.585888889,0.585444444,0.599944444,0.592944444,0.592166667,0.5782222220000001,0.573277778,0.5741666670000001,0.578722222,0.594722222,0.5935,0.588388889,0.584888889,0.564,0.545,0.533277778,0.538833333,0.5468333329999999,0.549333333,0.542277778,0.526222222,0.519222222,0.518388889,0.529,0.5468333329999999,0.554888889,0.5535
0.006055556,0.005962963000000001,0.005962963000000001,0.005962963000000001,0.005296296,0.005296296,0.004222222,0.004203704,0.004037037,0.004037037,0.004037037,0.004037037,0.004796295999999999,0.005222222,0.005222222,0.00237037,0.002277778,0.002277778,0.002277778,0.002277778,0.002277778,0.002277778,0.001944444,0.001944444,0.001944444,0.001944444,0.0017777779999999998,0.0017777779999999998,0.0017777779999999998,0.0017777779999999998
0.38888888899999996,0.333333333,0.333333333,0.333333333,0.333333333,0.333333333,0.333333333,0.333333333,0.333333333,0.333333333,0.333333333,0.38888888899999996,0.444444444,0.5,0.5,0.5,0.444444444,0.444444444,0.444444444,0.444444444,0.444444444,0.444444444,0.38888888899999996,0.38888888899999996,0.333333333,0.333333333,0.333333333,0.333333333,0.333333333,0.27777777800000003
0.20925925899999998,0.201388889,0.195833333,0.19,0.187777778,0.188055556,0.18333333300000001,0.181018519,0.17694444399999998,0.174537037,0.17898148100000003,0.18583333300000002,0.19157407399999998,0.18861111100000003,0.18194444399999998,0.17509259300000002,0.16,0.146296296,0.136759259,0.13657407400000002,0.13712963,0.135555556,0.131944444,0.126388889,0.12694444400000002,0.13212963,0.14037037,0.149907407,0.15324074099999999,0.15212963
0.27064814800000003,0.261203704,0.254907407,0.24861111100000002,0.244722222,0.24407407399999997,0.239351852,0.23787037,0.235833333,0.234259259,0.24,0.245648148,0.24694444399999999,0.24694444399999999,0.239166667,0.234814815,0.222685185,0.210092593,0.201759259,0.204351852,0.20509259300000002,0.20490740699999999,0.20351851899999998,0.198333333,0.200462963,0.205925926,0.21407407399999998,0.223611111,0.22601851899999997,0.226481481
0.154074074,0.148333333,0.144166667,0.136018519,0.135740741,0.135740741,0.129907407,0.126851852,0.12009259300000001,0.11685185199999999,0.11861111099999999,0.126296296,0.134166667,0.132592593,0.127592593,0.119259259,0.103518519,0.089444444,0.080092593,0.077407407,0.078333333,0.077407407,0.07287037,0.068425926,0.068611111,0.073888889,0.084074074,0.094722222,0.101203704,0.09935185199999999
0.575473684,0.583368421,0.580947368,0.581578947,0.589842105,0.590105263,0.596736842,0.589105263,0.587789474,0.565421053,0.567894737,0.5752631579999999,0.592526316,0.592157895,0.586421053,0.596105263,0.575578947,0.556842105,0.539631579,0.536473684,0.541736842,0.5462631579999999,0.548526316,0.534,0.520263158,0.5184736839999999,0.527947368,0.535684211,0.550473684,0.555684211
0.005736842,0.005736842,0.005649123000000001,0.005649123000000001,0.005964911999999999,0.0050175440000000005,0.0050175440000000005,0.004,0.004157895,0.0038245609999999998,0.0038245609999999998,0.0038245609999999998,0.00454386,0.004947368,0.004947368,0.005491228000000001,0.002245614,0.002157895,0.002157895,0.002157895,0.002157895,0.002157895,0.002157895,0.001842105,0.001842105,0.001842105,0.001859649,0.0016842110000000001,0.0016842110000000001,0.0016842110000000001
0.36842105299999994,0.36842105299999994,0.31578947399999996,0.31578947399999996,0.36842105299999994,0.31578947399999996,0.36842105299999994,0.36842105299999994,0.36842105299999994,0.31578947399999996,0.31578947399999996,0.36842105299999994,0.42105263200000004,0.473684211,0.473684211,0.526315789,0.473684211,0.42105263200000004,0.42105263200000004,0.42105263200000004,0.42105263200000004,0.42105263200000004,0.42105263200000004,0.36842105299999994,0.36842105299999994,0.36842105299999994,0.36842105299999994,0.31578947399999996,0.31578947399999996,0.31578947399999996
0.21210526300000002,0.205438596,0.197894737,0.19570175399999998,0.19254386,0.188421053,0.183508772,0.179122807,0.176842105,0.171315789,0.173508772,0.181929825,0.188947368,0.18745614,0.184210526,0.181403509,0.16877193,0.153157895,0.142368421,0.136578947,0.137017544,0.138596491,0.13754386,0.13026315800000002,0.125614035,0.130614035,0.138333333,0.14570175400000002,0.15333333300000002,0.156491228
0.273684211,0.266052632,0.258157895,0.254912281,0.249385965,0.24429824600000002,0.239210526,0.235964912,0.234473684,0.23043859600000002,0.234385965,0.241842105,0.246403509,0.24710526300000002,0.242719298,0.239736842,0.23140350899999998,0.21596491199999998,0.207105263,0.203245614,0.205,0.20754386,0.206666667,0.20035087699999998,0.197894737,0.20429824600000002,0.211929825,0.218859649,0.226578947,0.229035088
0.15745614,0.151052632,0.144561404,0.142894737,0.14035087699999999,0.136578947,0.13078947400000002,0.124298246,0.12131578900000001,0.11421052599999999,0.11394736800000001,0.12245614,0.131140351,0.130877193,0.128596491,0.126403509,0.112894737,0.096842105,0.08491228099999999,0.078421053,0.078245614,0.079649123,0.080526316,0.072807018,0.067192982,0.07122807,0.080789474,0.09017543900000001,0.099122807,0.104210526
0.57395,0.5714,0.5767,0.57645,0.58555,0.59405,0.58755,0.5929,0.5851,0.57515,0.5607,0.56925,0.58855,0.5902,0.5855,0.59385,0.5867,0.5682,0.55115,0.54235,0.53935,0.54145,0.54565,0.54035,0.52795,0.5195,0.52755,0.53435,0.5397,0.55145
0.005616667,0.00545,0.00545,0.0053666669999999994,0.005666666999999999,0.005666666999999999,0.0047666670000000005,0.0047666670000000005,0.003966667,0.00395,0.003633333,0.003633333,0.004316667,0.0047,0.0047,0.005216667,0.005216667,0.002133333,0.00205,0.00205,0.00205,0.00205,0.00205,0.00205,0.00175,0.00175,0.0017666670000000002,0.0017666670000000002,0.0016,0.0016
0.4,0.35,0.35,0.3,0.35,0.35,0.35,0.4,0.4,0.35,0.3,0.35,0.4,0.45,0.45,0.5,0.5,0.45,0.4,0.4,0.4,0.4,0.4,0.4,0.35,0.4,0.4,0.35,0.3,0.3
0.21816666699999998,0.208333333,0.201916667,0.197666667,0.197833333,0.192916667,0.18408333300000002,0.1795,0.17525,0.1715,0.1705,0.176583333,0.18508333300000002,0.18516666699999998,0.18333333300000001,0.18358333300000002,0.175083333,0.161833333,0.149083333,0.141916667,0.13699999999999998,0.138416667,0.140333333,0.135666667,0.129333333,0.12916666699999999,0.136583333,0.1435,0.149166667,0.15641666699999998
0.281,0.26916666699999997,0.262916667,0.258,0.255333333,0.24875,0.239666667,0.23600000000000002,0.232833333,0.229416667,0.23075,0.236416667,0.24275,0.24658333300000002,0.243083333,0.243083333,0.23625,0.224583333,0.212833333,0.20825,0.203916667,0.207333333,0.209083333,0.2035,0.199833333,0.201666667,0.210083333,0.21658333300000002,0.22191666699999998,0.229416667
0.162,0.15441666699999998,0.147333333,0.143333333,0.146666667,0.140916667,0.131833333,0.12541666699999998,0.11916666699999999,0.11566666699999999,0.111583333,0.11783333300000001,0.12725,0.12816666699999998,0.12716666699999998,0.12741666699999998,0.12,0.106083333,0.092166667,0.083083333,0.079166667,0.0795,0.0825,0.08008333299999999,0.071416667,0.06975,0.077916667,0.08675,0.094583333,0.10208333300000001
0.565142857,0.570142857,0.565619048,0.572619048,0.58047619,0.589761905,0.591428571,0.584333333,0.5889047620000001,0.5731904760000001,0.5701904760000001,0.562333333,0.5821904760000001,0.58652381,0.583952381,0.592619048,0.585,0.579142857,0.562238095,0.553190476,0.5448095239999999,0.539190476,0.5410952379999999,0.5379999999999999,0.534285714,0.526857143,0.528095238,0.533666667,0.538238095,0.541142857
0.005349206,0.005349206,0.005190475999999999,0.005190475999999999,0.005396825,0.005396825,0.005396825,0.004539683,0.004698413,0.003777778,0.003761905,0.003460317,0.004111111,0.00447619,0.00447619,0.004968254,0.004968254,0.004968254,0.002031746,0.001952381,0.001952381,0.001952381,0.001952381,0.001952381,0.001952381,0.0016666670000000001,0.00168254,0.00168254,0.00168254,0.00152381
0.380952381,0.380952381,0.333333333,0.333333333,0.333333333,0.333333333,0.380952381,0.380952381,0.428571429,0.380952381,0.333333333,0.333333333,0.380952381,0.428571429,0.428571429,0.47619047600000003,0.47619047600000003,0.47619047600000003,0.428571429,0.380952381,0.380952381,0.380952381,0.380952381,0.380952381,0.380952381,0.380952381,0.428571429,0.380952381,0.333333333,0.28571428600000004
0.22134920600000002,0.214285714,0.20484127,0.201507937,0.199603175,0.197936508,0.18857142899999998,0.180238095,0.17579365100000002,0.170238095,0.17071428600000002,0.17357142899999997,0.17984127,0.181666667,0.181349206,0.182777778,0.177460317,0.168174603,0.157539683,0.148333333,0.14206349199999999,0.138333333,0.140079365,0.138412698,0.13452381,0.13253968300000002,0.134920635,0.141587302,0.146904762,0.152301587
0.28468254,0.276349206,0.266031746,0.262539683,0.258253968,0.254444444,0.244126984,0.236587302,0.233015873,0.228095238,0.229761905,0.23285714300000002,0.237539683,0.24309523800000002,0.242777778,0.243412698,0.239603175,0.22952381,0.22119047600000002,0.21365079399999998,0.20865079399999997,0.206190476,0.208809524,0.20595238100000002,0.20285714300000002,0.203333333,0.20730158699999998,0.214603175,0.219603175,0.22484127
0.163968254,0.158888889,0.150714286,0.146031746,0.146904762,0.146904762,0.136190476,0.12666666699999998,0.12047619,0.11388888900000001,0.113095238,0.115396825,0.12261904800000001,0.124603175,0.124761905,0.126111111,0.12126984099999999,0.11317460300000001,0.101190476,0.090079365,0.083571429,0.08031746,0.082222222,0.081984127,0.078412698,0.073650794,0.076190476,0.083730159,0.091111111,0.09761904800000001
0.562863636,0.561909091,0.564681818,0.562227273,0.576636364,0.5847272729999999,0.587454545,0.588181818,0.580909091,0.5773636360000001,0.568545455,0.5713181820000001,0.575,0.580545455,0.5807272729999999,0.590818182,0.584227273,0.577863636,0.572954545,0.563681818,0.555045455,0.544409091,0.538954545,0.534,0.532318182,0.532954545,0.534727273,0.5339090910000001,0.537409091,0.5396818179999999
0.005257576,0.005106060999999999,0.005106060999999999,0.004954545,0.005227273,0.005151515,0.005151515,0.005151515,0.004484848,0.004484848,0.003606061,0.003590909,0.0039242420000000005,0.0042727270000000005,0.0042727270000000005,0.004742424,0.004742424,0.004742424,0.004742424,0.0019393939999999999,0.0018636360000000001,0.0018636360000000001,0.0018636360000000001,0.0018636360000000001,0.0018636360000000001,0.0018636360000000001,0.001606061,0.001606061,0.001606061,0.001606061
0.409090909,0.363636364,0.363636364,0.318181818,0.363636364,0.318181818,0.363636364,0.409090909,0.409090909,0.409090909,0.363636364,0.363636364,0.363636364,0.409090909,0.409090909,0.454545455,0.454545455,0.454545455,0.454545455,0.409090909,0.363636364,0.363636364,0.363636364,0.363636364,0.363636364,0.409090909,0.409090909,0.409090909,0.363636364,0.318181818
0.224393939,0.2175,0.21068181800000002,0.204318182,0.20318181800000001,0.199621212,0.19356060600000002,0.18469697,0.176666667,0.170984848,0.169545455,0.173636364,0.176818182,0.176818182,0.17818181800000002,0.18090909100000002,0.17696969699999998,0.17075757600000002,0.163787879,0.156439394,0.14818181800000002,0.143106061,0.139924242,0.138257576,0.13719697,0.137348485,0.137878788,0.13977272699999999,0.14492424199999998,0.15
0.28696969699999997,0.280075758,0.27303030300000003,0.265530303,0.262575758,0.257272727,0.249772727,0.240984848,0.23371212100000002,0.22848484800000002,0.22848484800000002,0.23181818199999998,0.23409090899999999,0.238106061,0.239621212,0.243106061,0.240075758,0.233030303,0.22606060600000003,0.22159090899999997,0.213787879,0.210606061,0.207651515,0.205833333,0.20522727300000002,0.206060606,0.208636364,0.21174242399999998,0.217575758,0.2225
0.166969697,0.160909091,0.155151515,0.149318182,0.149318182,0.147121212,0.142121212,0.131060606,0.121893939,0.11537878800000001,0.11151515199999999,0.11666666699999999,0.120075758,0.12030303,0.12151515199999999,0.123863636,0.12030303,0.11469697,0.10818181800000001,0.09878787900000001,0.09022727300000001,0.084469697,0.082878788,0.08174242400000001,0.08030303,0.080227273,0.079621212,0.081818182,0.088030303,0.094166667
0.5625652170000001,0.559869565,0.557043478,0.561478261,0.566521739,0.580869565,0.58273913,0.584521739,0.58473913,0.570217391,0.57273913,0.569695652,0.583043478,0.57373913,0.57526087,0.587434783,0.582869565,0.577434783,0.5720000000000001,0.573869565,0.565,0.554217391,0.543956522,0.53226087,0.52873913,0.531130435,0.540217391,0.54,0.5374782610000001,0.538826087
0.005101449,0.005028986,0.004884058,0.004884058,0.005,0.005,0.004927536,0.004927536,0.0050724640000000005,0.004289855,0.004289855,0.003449275,0.004028986,0.0040869570000000004,0.0040869570000000004,0.004536232,0.004536232,0.004536232,0.004536232,0.004536232,0.0018550720000000001,0.0017826089999999999,0.0017826089999999999,0.0017826089999999999,0.0017826089999999999,0.0017826089999999999,0.001797101,0.0015362320000000002,0.0015362320000000002,0.0015362320000000002
0.434782609,0.39130434799999997,0.347826087,0.347826087,0.347826087,0.347826087,0.347826087,0.39130434799999997,0.434782609,0.39130434799999997,0.39130434799999997,0.39130434799999997,0.39130434799999997,0.39130434799999997,0.39130434799999997,0.434782609,0.434782609,0.434782609,0.434782609,0.434782609,0.39130434799999997,0.347826087,0.347826087,0.347826087,0.347826087,0.39130434799999997,0.434782609,0.39130434799999997,0.39130434799999997,0.347826087
0.22797101399999997,0.22057971,0.213913043,0.20992753600000003,0.205797101,0.203043478,0.19536231899999998,0.189637681,0.181086957,0.17202898600000002,0.170289855,0.172391304,0.17673913,0.174057971,0.173695652,0.17789855100000002,0.175434783,0.17057971,0.166449275,0.162463768,0.155942029,0.148913043,0.14442029,0.13818840599999999,0.13710144900000001,0.139782609,0.14224637699999998,0.142391304,0.143043478,0.147971014
0.290797101,0.282463768,0.27673913,0.272246377,0.265434783,0.261449275,0.252681159,0.246521739,0.238043478,0.229347826,0.22884058,0.23050724600000003,0.233043478,0.23478260899999998,0.235,0.24007246399999999,0.23992753600000002,0.23376811600000003,0.229565217,0.226231884,0.221376812,0.21543478300000002,0.211811594,0.204855072,0.205144928,0.20818840600000002,0.211014493,0.212826087,0.214710145,0.220434783
0.17007246399999998,0.163913043,0.157246377,0.153623188,0.15231884099999998,0.14942029,0.14253623199999998,0.136956522,0.126304348,0.116956522,0.113043478,0.115,0.121086957,0.117971014,0.11753623199999999,0.12079710099999999,0.118405797,0.114057971,0.109855072,0.10557971,0.098550725,0.09079710099999999,0.08673913,0.082391304,0.080144928,0.081956522,0.085652174,0.08485507199999999,0.08601449300000001,0.091086957
0.558666667,0.559708333,0.555291667,0.554291667,0.565625,0.5710000000000001,0.579125,0.580125,0.581375,0.574333333,0.566083333,0.573666667,0.581,0.5815,0.568958333,0.581916667,0.579958333,0.576416667,0.5718333329999999,0.572916667,0.574708333,0.563791667,0.553375,0.537333333,0.5272916670000001,0.52775,0.538166667,0.545041667,0.543166667,0.538833333
0.004888889,0.004888889,0.004819444,0.004680556,0.004930556,0.004791667,0.004791667,0.004722222,0.0048611109999999996,0.0048611109999999996,0.004111111,0.004111111,0.003875,0.004180555999999999,0.003916667,0.004347222,0.004347222,0.004347222,0.004347222,0.004347222,0.004347222,0.0017777779999999998,0.0017083329999999998,0.0017083329999999998,0.0017083329999999998,0.0017083329999999998,0.001722222,0.001722222,0.001472222,0.001472222
0.41666666700000005,0.41666666700000005,0.375,0.333333333,0.375,0.333333333,0.375,0.375,0.41666666700000005,0.41666666700000005,0.375,0.41666666700000005,0.41666666700000005,0.41666666700000005,0.375,0.41666666700000005,0.41666666700000005,0.41666666700000005,0.41666666700000005,0.41666666700000005,0.41666666700000005,0.375,0.333333333,0.333333333,0.333333333,0.375,0.41666666700000005,0.41666666700000005,0.375,0.375
0.23006944399999998,0.224166667,0.217013889,0.213055556,0.21111111100000002,0.20555555600000003,0.19881944399999998,0.191527778,0.185972222,0.176458333,0.171319444,0.17298611100000003,0.175416667,0.174097222,0.171180556,0.173611111,0.17277777800000002,0.169375,0.166458333,0.165069444,0.161736111,0.156319444,0.149930556,0.14256944400000002,0.137083333,0.139583333,0.144375,0.146388889,0.145416667,0.146041667
0.29375,0.286319444,0.279166667,0.275833333,0.271875,0.264236111,0.256875,0.249444444,0.243472222,0.233680556,0.229652778,0.23076388899999997,0.23173611100000002,0.23375,0.23194444399999997,0.235625,0.237152778,0.233888889,0.230416667,0.229583333,0.225833333,0.22263888899999998,0.21638888899999997,0.208958333,0.20423611100000003,0.207986111,0.212847222,0.21493055600000002,0.215625,0.21756944399999997
0.172152778,0.167013889,0.160277778,0.15569444400000002,0.156319444,0.152291667,0.144930556,0.137569444,0.132152778,0.121388889,0.11465277800000001,0.11631944400000001,0.119305556,0.119027778,0.11541666699999999,0.11701388900000001,0.11569444400000001,0.1125,0.109444444,0.107291667,0.105069444,0.09875,0.092708333,0.08611111099999999,0.080833333,0.081736111,0.08708333300000001,0.09041666699999999,0.08875,0.089027778
0.56152,0.55608,0.55532,0.55272,0.5585600000000001,0.56996,0.56972,0.57676,0.57728,0.57152,0.5702,0.56724,0.58436,0.5796,0.5766,0.5756,0.57496,0.5738800000000001,0.57108,0.57272,0.57376,0.57316,0.5626,0.54664,0.53236,0.5264,0.53464,0.54288,0.54788,0.54424
0.004693333,0.004693333,0.004693333,0.004626667,0.004733333,0.004733333,0.0046,0.0046,0.004666667,0.004666667,0.004666667,0.003946667,0.0044933329999999995,0.004026667,0.004013333,0.0041733329999999996,0.0041733329999999996,0.0041733329999999996,0.0041733329999999996,0.0041733329999999996,0.0041733329999999996,0.0041733329999999996,0.001706667,0.00164,0.00164,0.00164,0.0016533329999999999,0.0016533329999999999,0.0016533329999999999,0.001413333
0.4,0.4,0.4,0.36,0.36,0.36,0.36,0.4,0.4,0.4,0.4,0.4,0.44,0.44,0.4,0.4,0.4,0.4,0.4,0.4,0.4,0.4,0.36,0.32,0.32,0.36,0.4,0.4,0.4,0.36
0.233066667,0.226333333,0.2206,0.216066667,0.214066667,0.210666667,0.2014,0.195,0.187933333,0.181333333,0.1756,0.173866667,0.175866667,0.172933333,0.171333333,0.1712,0.168866667,0.167066667,0.16546666699999998,0.16513333300000002,0.164266667,0.161866667,0.157,0.147933333,0.141333333,0.139466667,0.14400000000000002,0.148266667,0.149133333,0.1482
0.2966,0.289333333,0.28300000000000003,0.2782,0.275333333,0.270466667,0.259733333,0.2536,0.2464,0.23906666699999998,0.2338,0.231466667,0.23193333300000002,0.232466667,0.231066667,0.232666667,0.233,0.231466667,0.230666667,0.2304,0.229066667,0.226866667,0.223266667,0.213466667,0.2082,0.207,0.212466667,0.216533333,0.217533333,0.21833333300000002
0.175466667,0.169133333,0.1634,0.15866666699999998,0.1582,0.156133333,0.14786666699999998,0.140066667,0.13293333300000001,0.1272,0.11900000000000001,0.11773333300000001,0.1204,0.1174,0.116533333,0.115,0.11226666699999999,0.11013333300000001,0.10813333300000001,0.107,0.10673333300000001,0.105,0.10026666699999999,0.091866667,0.084466667,0.082333333,0.08666666699999999,0.0916,0.09393333300000001,0.09153333300000001
0.566192308,0.558923077,0.552,0.552846154,0.556884615,0.563,0.568769231,0.567807692,0.574153846,0.5679615379999999,0.567653846,0.571153846,0.577769231,0.582884615,0.5749615379999999,0.5826923079999999,0.569153846,0.569307692,0.5688461539999999,0.5719615379999999,0.573538462,0.572307692,0.571653846,0.555769231,0.5415,0.531307692,0.533076923,0.5393076920000001,0.545692308,0.548730769
0.004551282,0.004512821,0.004512821,0.004512821,0.004679487,0.004551282,0.004551282,0.004423077,0.004551282,0.004487179,0.004487179,0.004487179,0.004320513,0.004615385,0.003871795,0.00425641,0.004012821,0.004012821,0.004012821,0.004012821,0.004012821,0.004012821,0.004012821,0.001641026,0.0015769229999999998,0.0015769229999999998,0.001589744,0.001589744,0.001589744,0.001589744
0.423076923,0.384615385,0.384615385,0.384615385,0.384615385,0.346153846,0.384615385,0.384615385,0.423076923,0.384615385,0.384615385,0.423076923,0.423076923,0.46153846200000004,0.423076923,0.423076923,0.384615385,0.384615385,0.384615385,0.384615385,0.384615385,0.384615385,0.384615385,0.346153846,0.307692308,0.346153846,0.384615385,0.384615385,0.384615385,0.384615385
0.238012821,0.229358974,0.222820513,0.219551282,0.216923077,0.21352564100000002,0.206474359,0.197628205,0.19141025600000003,0.18339743600000002,0.18032051300000002,0.177884615,0.176602564,0.173461538,0.170320513,0.17134615399999997,0.166730769,0.163525641,0.163397436,0.164230769,0.164358974,0.16429487199999998,0.162307692,0.154807692,0.14653846199999998,0.143461538,0.143717949,0.14775641,0.150833333,0.151666667
0.301538462,0.29224359,0.286025641,0.28192307699999997,0.277628205,0.273846154,0.26589743600000004,0.256474359,0.250512821,0.24205128199999998,0.238974359,0.235384615,0.232564103,0.232628205,0.229935897,0.23179487199999999,0.23025641,0.227692308,0.22846153800000002,0.23064102600000003,0.229871795,0.229935897,0.227307692,0.220192308,0.212564103,0.21070512800000002,0.21134615399999998,0.21602564100000002,0.21897435899999998,0.220064103
0.17955128199999998,0.172435897,0.16557692300000001,0.161730769,0.16096153800000002,0.15794871800000002,0.15173076900000002,0.143076923,0.135512821,0.128141026,0.12467948699999999,0.121794872,0.12160256400000001,0.118525641,0.115064103,0.11608974400000001,0.110512821,0.107051282,0.10602564099999999,0.105833333,0.106474359,0.106602564,0.106217949,0.09916666699999999,0.090064103,0.085769231,0.087051282,0.09102564099999999,0.09493589699999999,0.096410256
0.56837037,0.5635185189999999,0.554888889,0.549740741,0.556851852,0.561222222,0.562111111,0.5669629629999999,0.56562963,0.565296296,0.56437037,0.568666667,0.5811481479999999,0.576592593,0.578296296,0.580888889,0.5762222220000001,0.563925926,0.56462963,0.569777778,0.572777778,0.572148148,0.570888889,0.564740741,0.550481481,0.540148148,0.537555556,0.53762963,0.542148148,0.546592593
0.004382716,0.004382716,0.004345679,0.004345679,0.004567901,0.004506173,0.004382716,0.004382716,0.004382716,0.004382716,0.0043209879999999996,0.0043209879999999996,0.00482716,0.0044444440000000005,0.0044444440000000005,0.004111111,0.004098765,0.0038641979999999997,0.0038641979999999997,0.0038641979999999997,0.0038641979999999997,0.0038641979999999997,0.0038641979999999997,0.0038641979999999997,0.0015802470000000001,0.0015185189999999999,0.0015308639999999998,0.0015308639999999998,0.0015308639999999998,0.0015308639999999998
0.40740740700000005,0.40740740700000005,0.37037037,0.37037037,0.40740740700000005,0.37037037,0.37037037,0.40740740700000005,0.40740740700000005,0.40740740700000005,0.37037037,0.40740740700000005,0.444444444,0.444444444,0.444444444,0.444444444,0.40740740700000005,0.37037037,0.37037037,0.37037037,0.37037037,0.37037037,0.37037037,0.37037037,0.333333333,0.333333333,0.37037037,0.37037037,0.37037037,0.37037037
0.240987654,0.234259259,0.22586419800000002,0.221728395,0.220246914,0.21629629600000003,0.20938271600000002,0.20265432100000003,0.19407407399999999,0.18691358,0.18234567899999998,0.18234567899999998,0.18037037,0.17425925899999997,0.170925926,0.17037037,0.167037037,0.161666667,0.160123457,0.162283951,0.163518519,0.16438271599999998,0.16462963,0.16,0.153209877,0.148395062,0.147407407,0.147345679,0.150246914,0.153209877
0.304814815,0.297160494,0.28895061699999997,0.284876543,0.281234568,0.276111111,0.269320988,0.262530864,0.253395062,0.24617284,0.241851852,0.240308642,0.23629629600000002,0.23320987699999998,0.230185185,0.230679012,0.229506173,0.225246914,0.224938272,0.22851851899999998,0.230123457,0.230679012,0.230246914,0.224197531,0.21907407399999998,0.214814815,0.214753086,0.214814815,0.218395062,0.221358025
0.18191358,0.17648148100000002,0.168888889,0.163888889,0.16382716,0.160617284,0.153641975,0.146975309,0.138580247,0.130802469,0.12567901199999998,0.127160494,0.12537037,0.119753086,0.11623456800000001,0.11469135800000001,0.111728395,0.105555556,0.10320987699999999,0.103888889,0.10537037,0.106358025,0.10771604900000001,0.104938272,0.097160494,0.091111111,0.090185185,0.091234568,0.094259259,0.097283951
0.5665,0.5657142860000001,0.559464286,0.552607143,0.553714286,0.561035714,0.560428571,0.5606071429999999,0.564892857,0.5573928570000001,0.561928571,0.565464286,0.578392857,0.579892857,0.572392857,0.583892857,0.574714286,0.570928571,0.5596071429999999,0.565678571,0.5706428570000001,0.571464286,0.570785714,0.56425,0.559321429,0.548857143,0.545857143,0.541785714,0.540428571,0.543142857
0.00422619,0.00422619,0.00422619,0.004190475999999999,0.0044047620000000004,0.0044047620000000004,0.0043452379999999995,0.00422619,0.0043452379999999995,0.00422619,0.00422619,0.004166667,0.004654762,0.004928571,0.004285714,0.004654762,0.003964286,0.003952381,0.00372619,0.00372619,0.00372619,0.00372619,0.00372619,0.00372619,0.00372619,0.00152381,0.00147619,0.00147619,0.00147619,0.00147619
0.39285714299999996,0.39285714299999996,0.39285714299999996,0.35714285700000004,0.39285714299999996,0.39285714299999996,0.39285714299999996,0.39285714299999996,0.428571429,0.39285714299999996,0.39285714299999996,0.39285714299999996,0.428571429,0.46428571399999996,0.428571429,0.46428571399999996,0.428571429,0.39285714299999996,0.35714285700000004,0.35714285700000004,0.35714285700000004,0.35714285700000004,0.35714285700000004,0.35714285700000004,0.35714285700000004,0.35714285700000004,0.35714285700000004,0.35714285700000004,0.35714285700000004,0.35714285700000004
0.24244047600000002,0.237261905,0.23071428600000002,0.224702381,0.222321429,0.21952381,0.21220238100000002,0.205595238,0.19904761899999998,0.189642857,0.18577381,0.18422619,0.18458333300000002,0.17797619,0.17178571399999998,0.17095238100000001,0.16625,0.162142857,0.158452381,0.15916666699999998,0.161666667,0.163571429,0.164702381,0.16232142900000002,0.15827381,0.154761905,0.15202381,0.15077381,0.149761905,0.152559524
0.306666667,0.30047619,0.293809524,0.287738095,0.284107143,0.27964285699999997,0.271666667,0.265952381,0.25934523800000003,0.249107143,0.24583333300000001,0.24303571399999999,0.241011905,0.23678571399999998,0.230833333,0.23089285699999998,0.228511905,0.224702381,0.22267857100000002,0.22511904800000002,0.228095238,0.23089285699999998,0.230952381,0.227142857,0.22297619,0.221011905,0.21857142899999998,0.21797619,0.217142857,0.220714286
0.18327381,0.178869048,0.172916667,0.167142857,0.165833333,0.163392857,0.156369048,0.148988095,0.1425,0.133928571,0.128333333,0.128035714,0.130416667,0.123452381,0.1175,0.11583333300000001,0.11053571400000001,0.10690476199999999,0.101904762,0.10125,0.103511905,0.10529761900000001,0.107440476,0.106428571,0.102797619,0.097916667,0.09517857099999999,0.094107143,0.09434523800000001,0.096547619
0.569172414,0.564,0.561724138,0.557103448,0.556344828,0.557862069,0.560275862,0.5590344829999999,0.558827586,0.5569655170000001,0.5544137929999999,0.563068966,0.574965517,0.577275862,0.575724138,0.578,0.5778275860000001,0.569655172,0.566517241,0.560793103,0.566655172,0.569448276,0.570172414,0.56437931,0.5590344829999999,0.557448276,0.554068966,0.549655172,0.544344828,0.541448276
0.004712644,0.00408046,0.00408046,0.00408046,0.004252874,0.004252874,0.004252874,0.004195402,0.004195402,0.004195402,0.00408046,0.00408046,0.004494253,0.004758620999999999,0.004758620999999999,0.004494253,0.004494253,0.0038275859999999996,0.003816092,0.0035977009999999996,0.0035977009999999996,0.0035977009999999996,0.0035977009999999996,0.0035977009999999996,0.0035977009999999996,0.0035977009999999996,0.001482759,0.0014252870000000001,0.0014252870000000001,0.0014252870000000001
0.413793103,0.379310345,0.379310345,0.379310345,0.379310345,0.379310345,0.413793103,0.413793103,0.413793103,0.413793103,0.379310345,0.413793103,0.413793103,0.448275862,0.448275862,0.448275862,0.448275862,0.413793103,0.379310345,0.344827586,0.344827586,0.344827586,0.344827586,0.344827586,0.344827586,0.379310345,0.379310345,0.344827586,0.344827586,0.344827586
0.244655172,0.238793103,0.233735632,0.229425287,0.225172414,0.22155172399999998,0.21545977,0.20844827600000002,0.20201149399999999,0.194597701,0.18844827600000003,0.187471264,0.186321839,0.182126437,0.17545977,0.17178160899999997,0.166954023,0.161551724,0.159022989,0.157586207,0.15867816099999998,0.161781609,0.163908046,0.162471264,0.160574713,0.159597701,0.158045977,0.155114943,0.152988506,0.152011494
0.30908046,0.302413793,0.29712643699999997,0.292471264,0.28689655199999997,0.282471264,0.275229885,0.268333333,0.262758621,0.255,0.248678161,0.24683908,0.24362069,0.24132183899999998,0.234367816,0.231494253,0.228793103,0.22390804600000003,0.222241379,0.22293103399999997,0.22482758600000002,0.228908046,0.231149425,0.22793103399999998,0.225862069,0.224712644,0.224425287,0.22155172399999998,0.220114943,0.219425287
0.18528735600000001,0.180287356,0.175344828,0.171091954,0.168908046,0.165344828,0.15919540199999999,0.151781609,0.144597701,0.137873563,0.131436782,0.130517241,0.131149425,0.128390805,0.121149425,0.117068966,0.111781609,0.10591954,0.10333333300000001,0.100057471,0.10097701099999999,0.103505747,0.10637931,0.106206897,0.104310345,0.10333333300000001,0.101609195,0.09879310300000001,0.097011494,0.096551724
0.565233333,0.566666667,0.5602,0.559366667,0.560566667,0.560266667,0.557233333,0.5589333329999999,0.557366667,0.551366667,0.5541,0.555766667,0.572333333,0.574,0.573333333,0.5810333329999999,0.572333333,0.572833333,0.565433333,0.567433333,0.5619,0.565633333,0.5682666670000001,0.564,0.559333333,0.557233333,0.5622,0.557466667,0.551866667,0.5452
0.004555556,0.004555556,0.003944444,0.003944444,0.004144444000000001,0.004111111,0.004111111,0.004111111,0.004166667,0.004055556,0.004055556,0.003944444,0.0044,0.0046,0.0046,0.004944444,0.004344444,0.004344444,0.0037,0.0036888890000000003,0.003477778,0.003477778,0.003477778,0.003477778,0.003477778,0.003477778,0.0034888890000000002,0.001433333,0.0013777779999999999,0.0013777779999999999
0.4,0.4,0.36666666700000006,0.36666666700000006,0.4,0.36666666700000006,0.4,0.433333333,0.433333333,0.4,0.4,0.4,0.433333333,0.433333333,0.433333333,0.46666666700000003,0.433333333,0.433333333,0.4,0.36666666700000006,0.333333333,0.333333333,0.333333333,0.333333333,0.333333333,0.36666666700000006,0.4,0.36666666700000006,0.333333333,0.333333333
0.246777778,0.241055556,0.235333333,0.232388889,0.229722222,0.224333333,0.217555556,0.211722222,0.204888889,0.197611111,0.193277778,0.19,0.18938888899999998,0.18388888899999997,0.179555556,0.175333333,0.16788888899999999,0.162388889,0.158555556,0.15816666699999998,0.15716666699999998,0.158888889,0.162166667,0.161777778,0.160777778,0.161777778,0.162611111,0.160833333,0.157111111,0.15505555599999998
0.311777778,0.304888889,0.29911111100000004,0.295722222,0.2915,0.28522222199999997,0.278111111,0.27188888899999997,0.26516666699999997,0.258444444,0.254388889,0.249555556,0.247277778,0.243833333,0.238833333,0.234888889,0.229444444,0.224333333,0.22155555600000001,0.2225,0.222722222,0.225722222,0.229222222,0.228222222,0.226666667,0.227444444,0.22788888899999998,0.227111111,0.2235,0.222222222
0.18716666699999998,0.18233333300000001,0.176833333,0.1735,0.172666667,0.168333333,0.161222222,0.15466666699999998,0.147444444,0.140055556,0.135333333,0.133444444,0.133444444,0.12916666699999999,0.126,0.120611111,0.113111111,0.107277778,0.1025,0.1015,0.09983333300000001,0.10105555599999999,0.10461111099999999,0.10522222199999999,0.10416666699999999,0.104777778,0.10672222199999999,0.104888889,0.10144444400000001,0.099055556
