,2015-03-02,2015-03-03,2015-03-04,2015-03-05,2015-03-06,2015-03-07,2015-03-08,2015-03-09,2015-03-10,2015-03-11,2015-03-12,2015-03-13,2015-03-14,2015-03-15,2015-03-16,2015-03-17,2015-03-18,2015-03-19,2015-03-20,2015-03-21,2015-03-22,2015-03-23,2015-03-24,2015-03-25,2015-03-26,2015-03-27,2015-03-28,2015-03-29,2015-03-30,2015-03-31
0,0.568,0.435,0.695,0.434,0.41100000000000003,0.37799999999999995,0.455,0.425,0.434,0.306,0.451,0.41,0.45399999999999996,0.314,0.42,0.444,0.519,0.615,0.509,0.325,0.31,0.33299999999999996,0.243,0.32799999999999996,0.45899999999999996,0.475,0.505,0.35,0.619,0.574
1,0.0,0.0,0.018333333,0.0,0.0,0.0,0.0,0.0,0.0,0.0,0.0,0.0,0.00033333300000000006,0.0,0.0,0.0,0.0,0.005,0.0,0.0,0.0,0.0,0.0,0.0,0.0,0.0,0.0,0.0,0.0,0.0
2,1.0,0.0,1.0,0.0,0.0,0.0,0.0,0.0,0.0,0.0,0.0,0.0,1.0,0.0,0.0,0.0,1.0,1.0,0.0,0.0,0.0,0.0,0.0,0.0,0.0,0.0,0.0,0.0,0.0,0.0
3,0.29,0.315,0.296666667,0.215,0.245,0.29833333300000003,0.32,0.378333333,0.286666667,0.193333333,0.256666667,0.285,0.34333333299999996,0.321666667,0.34166666700000003,0.41333333299999997,0.428333333,0.428333333,0.456666667,0.47333333299999997,0.445,0.38833333299999995,0.32666666699999997,0.34,0.358333333,0.381666667,0.40166666700000003,0.41166666700000004,0.425,0.47
4,0.34833333299999997,0.41166666700000004,0.36166666700000005,0.273333333,0.34166666700000003,0.423333333,0.433333333,0.5016666670000001,0.386666667,0.26666666699999997,0.375,0.36166666700000005,0.433333333,0.443333333,0.45833333299999995,0.56,0.518333333,0.49,0.6,0.615,0.546666667,0.498333333,0.418333333,0.456666667,0.48666666700000005,0.496666667,0.52,0.533333333,0.525,0.596666667
5,0.246666667,0.21833333300000002,0.228333333,0.173333333,0.16,0.196666667,0.211666667,0.256666667,0.16,0.135,0.165,0.19166666699999999,0.28,0.23,0.25,0.271666667,0.365,0.39,0.358333333,0.376666667,0.365,0.286666667,0.25,0.235,0.251666667,0.276666667,0.303333333,0.291666667,0.36666666700000006,0.34833333299999997
6,0.4865,0.5015,0.565,0.5645,0.4225,0.3945,0.4165,0.44,0.4295,0.37,0.3785,0.4305,0.43200000000000005,0.384,0.36700000000000005,0.43200000000000005,0.4815,0.5670000000000001,0.562,0.41700000000000004,0.3175,0.3215,0.28800000000000003,0.2855,0.3935,0.467,0.49,0.4275,0.4845,0.5965
7,0.0,0.0,0.009166667,0.009166667,0.0,0.0,0.0,0.0,0.0,0.0,0.0,0.0,0.000166667,0.000166667,0.0,0.0,0.0,0.0025,0.0025,0.0,0.0,0.0,0.0,0.0,0.0,0.0,0.0,0.0,0.0,0.0
8,0.5,0.5,0.5,0.5,0.0,0.0,0.0,0.0,0.0,0.0,0.0,0.0,0.5,0.5,0.0,0.0,0.5,1.0,0.5,0.0,0.0,0.0,0.0,0.0,0.0,0.0,0.0,0.0,0.0,0.0
9,0.2925,0.3025,0.305833333,0.255833333,0.23,0.271666667,0.309166667,0.34916666700000004,0.3325,0.24,0.225,0.270833333,0.314166667,0.3325,0.33166666699999997,0.3775,0.420833333,0.428333333,0.4425,0.465,0.45916666700000003,0.41666666700000005,0.3575,0.333333333,0.34916666700000004,0.37,0.391666667,0.40666666700000004,0.418333333,0.4475
10,0.3525,0.38,0.386666667,0.3175,0.3075,0.3825,0.428333333,0.4675,0.444166667,0.32666666699999997,0.320833333,0.368333333,0.3975,0.438333333,0.45083333299999995,0.509166667,0.539166667,0.504166667,0.545,0.6075,0.580833333,0.5225,0.45833333299999995,0.4375,0.47166666700000004,0.49166666700000006,0.5083333329999999,0.526666667,0.529166667,0.5608333329999999
11,0.231666667,0.2325,0.223333333,0.200833333,0.166666667,0.178333333,0.204166667,0.234166667,0.208333333,0.1475,0.15,0.178333333,0.235833333,0.255,0.24,0.260833333,0.318333333,0.3775,0.374166667,0.3675,0.370833333,0.325833333,0.268333333,0.2425,0.243333333,0.26416666699999997,0.29,0.2975,0.32916666699999997,0.3575
12,0.44299999999999995,0.46933333299999996,0.5660000000000001,0.521333333,0.513333333,0.40766666700000004,0.41466666700000004,0.419333333,0.43799999999999994,0.38833333299999995,0.397,0.389,0.438333333,0.392666667,0.396,0.392666667,0.461,0.526,0.547666667,0.483,0.381333333,0.322666667,0.29533333300000003,0.301333333,0.34333333299999996,0.42066666700000005,0.47966666700000005,0.443333333,0.491333333,0.514333333
13,0.0,0.0,0.006111111,0.006111111,0.006111111,0.0,0.0,0.0,0.0,0.0,0.0,0.0,0.000111111,0.000111111,0.000111111,0.0,0.0,0.0016666670000000001,0.0016666670000000001,0.0016666670000000001,0.0,0.0,0.0,0.0,0.0,0.0,0.0,0.0,0.0,0.0
14,0.333333333,0.333333333,0.666666667,0.333333333,0.333333333,0.0,0.0,0.0,0.0,0.0,0.0,0.0,0.333333333,0.333333333,0.333333333,0.0,0.333333333,0.666666667,0.666666667,0.333333333,0.0,0.0,0.0,0.0,0.0,0.0,0.0,0.0,0.0,0.0
15,0.271111111,0.3,0.300555556,0.27555555600000003,0.252222222,0.252777778,0.287777778,0.332222222,0.328333333,0.28611111100000003,0.245555556,0.245,0.295,0.316666667,0.33555555600000003,0.358888889,0.394444444,0.423333333,0.43777777799999995,0.45277777799999996,0.45833333299999995,0.435555556,0.386666667,0.35166666700000004,0.34166666700000003,0.36,0.380555556,0.39833333299999996,0.412777778,0.435555556
16,0.345,0.37222222200000005,0.373888889,0.348888889,0.325555556,0.346111111,0.399444444,0.45277777799999996,0.440555556,0.385,0.342777778,0.334444444,0.39,0.412777778,0.445,0.48722222200000004,0.512222222,0.5227777779999999,0.536111111,0.568333333,0.5872222220000001,0.553333333,0.487777778,0.45777777799999997,0.45388888899999996,0.48,0.501111111,0.5166666670000001,0.526111111,0.551666667
17,0.206666667,0.227222222,0.231111111,0.206666667,0.187222222,0.176666667,0.189444444,0.22166666699999998,0.20944444399999998,0.18388888899999997,0.15333333300000002,0.163888889,0.212222222,0.233888889,0.253333333,0.250555556,0.295555556,0.342222222,0.371111111,0.375,0.36666666700000006,0.342777778,0.300555556,0.257222222,0.245555556,0.254444444,0.277222222,0.290555556,0.320555556,0.33555555600000003
18,0.4745,0.441,0.52575,0.5329999999999999,0.49375,0.4795,0.4195,0.41725,0.423,0.405,0.40399999999999997,0.40025,0.40525,0.40725,0.3995,0.408,0.42425,0.4995,0.52175,0.49200000000000005,0.43975,0.36925,0.30275,0.3035,0.34075,0.37625,0.44175,0.44725,0.48725,0.512
19,0.00041666699999999996,0.0,0.004583333,0.004583333,0.004583333,0.004583333,0.0,0.0,0.0,0.0,0.0,0.0,8.329999999999999e-05,8.329999999999999e-05,8.329999999999999e-05,8.329999999999999e-05,0.0,0.00125,0.00125,0.00125,0.00125,0.0,0.0,0.0,0.0,0.0,0.0,0.0,0.0,0.0
20,0.5,0.25,0.5,0.5,0.25,0.25,0.0,0.0,0.0,0.0,0.0,0.0,0.25,0.25,0.25,0.25,0.25,0.5,0.5,0.5,0.25,0.0,0.0,0.0,0.0,0.0,0.0,0.0,0.0,0.0
21,0.270833333,0.282083333,0.299166667,0.279166667,0.267916667,0.26375,0.269583333,0.310416667,0.320833333,0.294583333,0.27875,0.255416667,0.269583333,0.301666667,0.322916667,0.355,0.37625,0.402916667,0.431666667,0.446666667,0.45083333299999995,0.440833333,0.40833333299999997,0.375,0.35333333299999997,0.35166666700000004,0.37041666700000003,0.38833333299999995,0.405,0.42708333299999995
22,0.34083333299999996,0.36166666700000005,0.36958333299999996,0.34875,0.347083333,0.35,0.36791666700000003,0.425,0.43625,0.397083333,0.3825,0.3475,0.35916666700000005,0.40333333299999996,0.42416666700000005,0.47375,0.495,0.5066666670000001,0.542083333,0.5558333329999999,0.562916667,0.565,0.5195833329999999,0.48,0.465,0.464583333,0.49,0.509166667,0.51875,0.54375
23,0.202916667,0.209583333,0.2275,0.21666666699999998,0.195,0.18958333300000002,0.18541666699999998,0.20625,0.20625,0.190833333,0.179166667,0.162916667,0.192916667,0.21666666699999998,0.237916667,0.257916667,0.279166667,0.319166667,0.34625,0.3725,0.3725,0.34666666700000004,0.319583333,0.284166667,0.255833333,0.253333333,0.26666666699999997,0.280833333,0.309583333,0.3275
24,0.4768,0.4666,0.4918,0.5074,0.5086,0.4706,0.4746,0.4206,0.4206,0.3996,0.4142,0.4052,0.41100000000000003,0.387,0.4098,0.4084,0.4302,0.4624,0.5014,0.4824,0.4556,0.4184,0.344,0.3078,0.3346,0.3676,0.402,0.4234,0.4816,0.5046
25,0.000666667,0.00033333300000000006,0.003666667,0.003666667,0.003666667,0.003666667,0.003666667,0.0,0.0,0.0,0.0,0.0,6.670000000000001e-05,6.670000000000001e-05,6.670000000000001e-05,6.670000000000001e-05,6.670000000000001e-05,0.001,0.001,0.001,0.001,0.001,0.0,0.0,0.0,0.0,0.0,0.0,0.0,0.0
26,0.6,0.4,0.4,0.4,0.4,0.2,0.2,0.0,0.0,0.0,0.0,0.0,0.2,0.2,0.2,0.2,0.4,0.4,0.4,0.4,0.4,0.2,0.0,0.0,0.0,0.0,0.0,0.0,0.0,0.0
27,0.284666667,0.279666667,0.285,0.282333333,0.272333333,0.27399999999999997,0.275,0.291333333,0.305666667,0.29533333300000003,0.287,0.28,0.273,0.28,0.309666667,0.341,0.369666667,0.386666667,0.41366666700000004,0.44,0.44633333299999994,0.438333333,0.418,0.394666667,0.371666667,0.359,0.36166666700000005,0.378666667,0.395666667,0.418
28,0.364333333,0.355,0.36166666700000005,0.35033333299999997,0.34733333299999997,0.362333333,0.36666666700000006,0.394666667,0.417333333,0.40233333299999996,0.392666667,0.378333333,0.36466666700000006,0.376,0.41433333299999997,0.45133333299999995,0.48266666700000005,0.494,0.525333333,0.556666667,0.5539999999999999,0.55,0.535666667,0.507,0.481333333,0.47133333299999997,0.47566666700000004,0.498666667,0.512333333,0.534333333
29,0.213,0.20600000000000002,0.213333333,0.21666666699999998,0.205333333,0.195333333,0.19399999999999998,0.199666667,0.19699999999999998,0.192,0.18566666699999998,0.181666667,0.18633333300000002,0.200333333,0.223333333,0.244666667,0.279333333,0.301333333,0.327,0.35233333299999997,0.371,0.355333333,0.327333333,0.302666667,0.277666667,0.26,0.263333333,0.271666667,0.298,0.317333333
30,0.497333333,0.46983333299999996,0.5046666670000001,0.48216666700000005,0.491333333,0.486833333,0.46799999999999997,0.46633333299999996,0.422833333,0.4015,0.40816666700000004,0.4135,0.41333333299999997,0.39483333299999995,0.3925,0.4155,0.426833333,0.461,0.47016666700000004,0.47200000000000003,0.453666667,0.435166667,0.389166667,0.34133333299999996,0.33299999999999996,0.358,0.3905,0.39333333299999995,0.456,0.49700000000000005
31,0.000555556,0.000555556,0.003333333,0.0030555559999999996,0.0030555559999999996,0.0030555559999999996,0.0030555559999999996,0.0030555559999999996,0.0,0.0,0.0,0.0,5.56e-05,5.56e-05,5.56e-05,5.56e-05,5.56e-05,0.0008888889999999999,0.000833333,0.000833333,0.000833333,0.000833333,0.000833333,0.0,0.0,0.0,0.0,0.0,0.0,0.0
32,0.5,0.5,0.5,0.333333333,0.333333333,0.333333333,0.166666667,0.166666667,0.0,0.0,0.0,0.0,0.166666667,0.166666667,0.166666667,0.166666667,0.333333333,0.5,0.333333333,0.333333333,0.333333333,0.333333333,0.166666667,0.0,0.0,0.0,0.0,0.0,0.0,0.0
33,0.28472222199999997,0.289722222,0.2825,0.273333333,0.276111111,0.276666667,0.281666667,0.292222222,0.290555556,0.28694444399999997,0.288888889,0.286666667,0.290555556,0.281111111,0.290277778,0.326944444,0.355555556,0.379444444,0.39833333299999996,0.42361111100000004,0.440833333,0.436666667,0.41972222200000003,0.405,0.388611111,0.373333333,0.366111111,0.37,0.38638888899999996,0.40805555600000004
34,0.366111111,0.37222222200000005,0.35611111100000004,0.34694444399999996,0.348888889,0.36,0.374166667,0.389166667,0.39333333299999995,0.392222222,0.39777777799999997,0.3875,0.3875,0.37777777799999995,0.389722222,0.438611111,0.4625,0.483888889,0.5116666670000001,0.540277778,0.555,0.544722222,0.528055556,0.5225,0.503611111,0.483888889,0.47944444399999997,0.485277778,0.5030555560000001,0.526388889
35,0.21611111100000002,0.213888889,0.20972222199999999,0.206666667,0.20722222199999998,0.203888889,0.19805555600000002,0.20444444399999998,0.19305555600000002,0.18666666699999998,0.1875,0.18666666699999998,0.19805555600000002,0.193611111,0.20861111100000002,0.231388889,0.264722222,0.297777778,0.310833333,0.335277778,0.35444444399999997,0.35694444399999997,0.337777778,0.311944444,0.294166667,0.2775,0.267222222,0.26805555600000003,0.2875,0.306388889
36,0.512571429,0.48842857100000003,0.502,0.494571429,0.47200000000000003,0.47514285700000003,0.482285714,0.46185714299999997,0.46171428600000003,0.406142857,0.408571429,0.408428571,0.419285714,0.399142857,0.398428571,0.39985714299999997,0.430285714,0.453714286,0.467857143,0.449428571,0.44885714299999996,0.436428571,0.40771428600000004,0.380428571,0.35814285700000004,0.353285714,0.379,0.384714286,0.425571429,0.472857143
37,0.00047619,0.00047619,0.0030952379999999997,0.002857143,0.0026190479999999997,0.0026190479999999997,0.0026190479999999997,0.0026190479999999997,0.0026190479999999997,0.0,0.0,0.0,4.7600000000000005e-05,4.7600000000000005e-05,4.7600000000000005e-05,4.7600000000000005e-05,4.7600000000000005e-05,0.000761905,0.000761905,0.0007142860000000001,0.0007142860000000001,0.0007142860000000001,0.0007142860000000001,0.0007142860000000001,0.0,0.0,0.0,0.0,0.0,0.0
38,0.428571429,0.428571429,0.571428571,0.428571429,0.28571428600000004,0.28571428600000004,0.28571428600000004,0.14285714300000002,0.14285714300000002,0.0,0.0,0.0,0.14285714300000002,0.14285714300000002,0.14285714300000002,0.14285714300000002,0.28571428600000004,0.428571429,0.428571429,0.28571428600000004,0.28571428600000004,0.28571428600000004,0.28571428600000004,0.14285714300000002,0.0,0.0,0.0,0.0,0.0,0.0
39,0.281904762,0.289047619,0.290714286,0.272857143,0.269285714,0.27928571399999996,0.28285714300000003,0.29547619,0.291428571,0.276666667,0.282619048,0.288333333,0.294761905,0.295,0.289761905,0.307857143,0.341428571,0.365952381,0.39047619,0.409047619,0.42666666700000005,0.433333333,0.42095238100000004,0.40833333299999997,0.39833333299999996,0.38761904799999997,0.37738095200000005,0.37261904799999995,0.37785714299999995,0.39833333299999996
40,0.363571429,0.37261904799999995,0.370714286,0.34428571399999996,0.346190476,0.35952381,0.37047619,0.392380952,0.38880952399999996,0.375238095,0.389761905,0.39261904799999997,0.39404761899999996,0.39547619,0.389285714,0.414047619,0.45,0.466428571,0.50047619,0.5264285710000001,0.541190476,0.546904762,0.526666667,0.517857143,0.517380952,0.502619048,0.489047619,0.48714285700000004,0.490952381,0.5164285710000001
41,0.215238095,0.21642857100000001,0.21595238100000003,0.20452381,0.2,0.20571428600000002,0.205,0.206428571,0.198095238,0.184761905,0.18357142899999998,0.188095238,0.2,0.202619048,0.201666667,0.217619048,0.25047619,0.282619048,0.30642857100000004,0.320238095,0.33952381,0.344761905,0.34166666700000003,0.323095238,0.303333333,0.291666667,0.281190476,0.270714286,0.28214285699999997,0.29619047600000004
42,0.546,0.502875,0.51425,0.4935,0.484125,0.46025,0.472625,0.475125,0.458375,0.44225,0.41175,0.40875,0.414125,0.406125,0.40175,0.404125,0.41475,0.453375,0.460625,0.45,0.43200000000000005,0.434375,0.41225,0.39775,0.39025,0.37275,0.37225,0.375375,0.414,0.444125
43,0.0014583329999999998,0.00041666699999999996,0.002708333,0.002708333,0.0025,0.0022916670000000003,0.0022916670000000003,0.0022916670000000003,0.0022916670000000003,0.0022916670000000003,0.0,0.0,4.1700000000000004e-05,4.1700000000000004e-05,4.1700000000000004e-05,4.1700000000000004e-05,4.1700000000000004e-05,0.000666667,0.000666667,0.000666667,0.000625,0.000625,0.000625,0.000625,0.000625,0.0,0.0,0.0,0.0,0.0
44,0.5,0.375,0.5,0.5,0.375,0.25,0.25,0.25,0.125,0.125,0.0,0.0,0.125,0.125,0.125,0.125,0.25,0.375,0.375,0.375,0.25,0.25,0.25,0.25,0.125,0.0,0.0,0.0,0.0,0.0
45,0.285208333,0.286041667,0.29,0.28125,0.269375,0.272916667,0.284375,0.294791667,0.294375,0.279166667,0.274166667,0.282916667,0.295208333,0.298125,0.300833333,0.305208333,0.322916667,0.35229166700000003,0.37729166700000005,0.40083333299999996,0.41354166700000006,0.421875,0.42,0.41083333299999997,0.402083333,0.39625,0.389375,0.381666667,0.379166667,0.389375
46,0.36395833299999997,0.36958333299999996,0.37125,0.358541667,0.34395833299999995,0.355833333,0.36875,0.386875,0.391666667,0.373541667,0.37520833299999995,0.38625,0.39770833299999997,0.40020833299999997,0.40333333299999996,0.410625,0.42708333299999995,0.455,0.483125,0.514791667,0.528958333,0.535833333,0.530833333,0.517916667,0.5139583329999999,0.514791667,0.504791667,0.49458333299999996,0.491875,0.504166667
47,0.218125,0.215625,0.21791666699999998,0.210625,0.19895833300000001,0.199583333,0.206458333,0.211458333,0.200625,0.190208333,0.182291667,0.18458333300000002,0.199583333,0.20375,0.208541667,0.210416667,0.23604166699999998,0.267916667,0.292083333,0.315208333,0.325833333,0.332916667,0.332916667,0.328333333,0.314166667,0.3,0.293125,0.2825,0.28270833300000003,0.290416667
48,0.573111111,0.533666667,0.524222222,0.5053333329999999,0.484333333,0.47233333299999997,0.45966666700000003,0.46733333299999996,0.47055555600000004,0.441444444,0.44322222200000005,0.411555556,0.413777778,0.40299999999999997,0.40766666700000004,0.40644444399999996,0.416888889,0.43700000000000006,0.45955555600000003,0.445555556,0.434444444,0.42100000000000004,0.41311111100000003,0.402888889,0.40455555600000004,0.39966666700000003,0.387444444,0.36977777799999995,0.402444444,0.43177777799999995
49,0.0042592590000000005,0.001296296,0.0024074070000000003,0.0024074070000000003,0.0024074070000000003,0.0022222220000000003,0.0020370370000000002,0.0020370370000000002,0.0020370370000000002,0.0020370370000000002,0.0020370370000000002,0.0,3.7e-05,3.7e-05,3.7e-05,3.7e-05,3.7e-05,0.000592593,0.000592593,0.000592593,0.000592593,0.000555556,0.000555556,0.000555556,0.000555556,0.000555556,0.0,0.0,0.0,0.0
50,0.5555555560000001,0.444444444,0.444444444,0.444444444,0.444444444,0.333333333,0.222222222,0.222222222,0.222222222,0.111111111,0.111111111,0.0,0.111111111,0.111111111,0.111111111,0.111111111,0.222222222,0.333333333,0.333333333,0.333333333,0.333333333,0.222222222,0.222222222,0.222222222,0.222222222,0.111111111,0.0,0.0,0.0,0.0
51,0.29185185199999997,0.288518519,0.28722222199999997,0.281666667,0.277222222,0.272592593,0.278148148,0.294814815,0.293888889,0.283148148,0.276666667,0.27537037,0.28962963,0.298148148,0.30296296300000003,0.313333333,0.318888889,0.33462963,0.363888889,0.387962963,0.405740741,0.410740741,0.411296296,0.41111111100000003,0.405,0.399814815,0.396851852,0.39185185200000006,0.386481481,0.38925925899999997
52,0.36370370399999996,0.369259259,0.36870370399999997,0.36037037,0.35666666700000005,0.352777778,0.364444444,0.383518519,0.38685185200000005,0.37777777799999995,0.37370370399999997,0.37370370399999997,0.391481481,0.402777778,0.40666666700000004,0.42074074100000003,0.42259259299999996,0.434074074,0.471111111,0.49777777799999995,0.518333333,0.525555556,0.5227777779999999,0.5225925929999999,0.514444444,0.512037037,0.51537037,0.507962963,0.497962963,0.503518519
53,0.23055555600000002,0.21814814800000001,0.217037037,0.212962963,0.205,0.19870370399999998,0.200925926,0.21203703699999998,0.205740741,0.193333333,0.187407407,0.18333333300000001,0.195185185,0.202962963,0.208888889,0.215555556,0.227592593,0.253148148,0.277962963,0.301481481,0.320740741,0.321481481,0.323703704,0.32203703699999997,0.319814815,0.31,0.30037037,0.292962963,0.29185185199999997,0.29
54,0.5711,0.5593,0.5498,0.5152,0.4959,0.4737,0.4706,0.4562,0.46399999999999997,0.4541,0.4424,0.4399,0.4158,0.4038,0.4047,0.4113,0.4177,0.4367,0.4442,0.4461,0.43200000000000005,0.4243,0.4032,0.4046,0.4085,0.4116,0.4102,0.3837,0.3947,0.4196
55,0.003833333,0.003833333,0.003,0.002166667,0.002166667,0.002166667,0.002,0.001833333,0.001833333,0.001833333,0.001833333,0.001833333,3.3299999999999996e-05,3.3299999999999996e-05,3.3299999999999996e-05,3.3299999999999996e-05,3.3299999999999996e-05,0.000533333,0.000533333,0.000533333,0.000533333,0.000533333,0.0005,0.0005,0.0005,0.0005,0.0005,0.0,0.0,0.0
56,0.5,0.5,0.5,0.4,0.4,0.4,0.3,0.2,0.2,0.2,0.1,0.1,0.1,0.1,0.1,0.1,0.2,0.3,0.3,0.3,0.3,0.3,0.2,0.2,0.2,0.2,0.1,0.0,0.0,0.0
57,0.29633333300000003,0.294166667,0.289333333,0.28,0.278,0.279333333,0.277333333,0.288166667,0.294,0.283833333,0.2805,0.2775,0.282166667,0.29283333300000003,0.3025,0.314,0.324833333,0.329833333,0.34683333299999997,0.374833333,0.393666667,0.40399999999999997,0.40233333299999996,0.40416666700000003,0.40583333299999996,0.40266666700000003,0.4,0.39833333299999996,0.395166667,0.39483333299999995
58,0.371333333,0.3685,0.3685,0.35916666700000005,0.3585,0.363333333,0.360833333,0.378166667,0.38383333299999994,0.374833333,0.3775,0.3725,0.379666667,0.39666666700000003,0.40833333299999997,0.42200000000000004,0.4305,0.429333333,0.450666667,0.4855,0.5026666670000001,0.516333333,0.514833333,0.516166667,0.519,0.5126666670000001,0.512833333,0.517166667,0.5096666670000001,0.507833333
59,0.230333333,0.229333333,0.21916666699999998,0.212666667,0.207666667,0.204166667,0.2,0.2065,0.206833333,0.198666667,0.1905,0.18783333300000002,0.193,0.198666667,0.207666667,0.215166667,0.2305,0.243833333,0.26366666699999997,0.287833333,0.307833333,0.317333333,0.314333333,0.314833333,0.315,0.3155,0.309333333,0.2995,0.300333333,0.2975
60,0.580181818,0.558727273,0.571636364,0.5392727270000001,0.505727273,0.485181818,0.47200000000000003,0.466454545,0.45418181799999996,0.449636364,0.453818182,0.439454545,0.44118181799999995,0.406545455,0.40527272700000005,0.40827272700000006,0.42109090899999996,0.435636364,0.44327272700000003,0.433363636,0.43372727299999997,0.423,0.40781818200000003,0.396363636,0.409545455,0.414545455,0.420090909,0.40472727299999994,0.405090909,0.41100000000000003
61,0.003484848,0.003484848,0.005151515,0.0027272729999999997,0.0019696970000000003,0.0019696970000000003,0.0019696970000000003,0.0018181820000000002,0.0016666670000000001,0.0016666670000000001,0.0016666670000000001,0.0016666670000000001,0.00169697,3.0299999999999998e-05,3.0299999999999998e-05,3.0299999999999998e-05,3.0299999999999998e-05,0.000484848,0.000484848,0.000484848,0.000484848,0.000484848,0.000484848,0.000454545,0.000454545,0.000454545,0.000454545,0.000454545,0.0,0.0
62,0.454545455,0.454545455,0.545454545,0.454545455,0.363636364,0.363636364,0.363636364,0.272727273,0.181818182,0.181818182,0.181818182,0.090909091,0.181818182,0.090909091,0.090909091,0.090909091,0.181818182,0.272727273,0.272727273,0.272727273,0.272727273,0.272727273,0.272727273,0.181818182,0.181818182,0.181818182,0.181818182,0.090909091,0.0,0.0
63,0.295454545,0.298030303,0.294393939,0.282575758,0.27681818199999997,0.279848485,0.283030303,0.286515152,0.288030303,0.284848485,0.28136363600000003,0.280909091,0.283484848,0.285757576,0.297272727,0.312575758,0.32439393899999996,0.334242424,0.341363636,0.358333333,0.381212121,0.39318181799999996,0.396969697,0.39666666700000003,0.4,0.40363636399999997,0.40257575799999995,0.40106060600000004,0.400757576,0.401969697
64,0.373333333,0.375,0.36787878799999996,0.359848485,0.35757575799999997,0.364393939,0.36969697,0.373636364,0.378939394,0.37318181799999994,0.374848485,0.376060606,0.37803030299999996,0.385454545,0.40227272700000005,0.422121212,0.43075757600000003,0.435909091,0.444848485,0.465606061,0.491060606,0.502272727,0.507424242,0.509545455,0.5134848479999999,0.5169696970000001,0.513333333,0.51469697,0.517878788,0.517575758
65,0.22803030300000002,0.22924242399999997,0.22924242399999997,0.215,0.207878788,0.206666667,0.204848485,0.205151515,0.20227272699999999,0.20030303,0.19560606100000003,0.19060606100000002,0.19621212100000002,0.196363636,0.203333333,0.213484848,0.22878787899999997,0.245,0.25424242399999997,0.273939394,0.294848485,0.305909091,0.311212121,0.307121212,0.30909090899999997,0.311515152,0.314393939,0.307727273,0.30560606100000004,0.30469697
66,0.591833333,0.568083333,0.570083333,0.5601666670000001,0.5285833329999999,0.49508333299999996,0.48266666700000005,0.468083333,0.46375,0.441833333,0.44975,0.450166667,0.440666667,0.43058333299999996,0.40766666700000004,0.4085,0.4175,0.43725,0.44175,0.43341666700000003,0.42308333299999995,0.425333333,0.408,0.40116666700000003,0.401583333,0.415,0.42208333299999995,0.41425,0.42258333299999995,0.41916666700000005
67,0.0031944440000000003,0.0031944440000000003,0.004722222,0.004722222,0.0025,0.001805556,0.001805556,0.001805556,0.0016666670000000001,0.0015277779999999998,0.0015277779999999998,0.0015277779999999998,0.001555556,0.001555556,2.78e-05,2.78e-05,2.78e-05,0.000444444,0.000444444,0.000444444,0.000444444,0.000444444,0.000444444,0.000444444,0.00041666699999999996,0.00041666699999999996,0.00041666699999999996,0.00041666699999999996,0.00041666699999999996,0.0
68,0.5,0.41666666700000005,0.5,0.5,0.41666666700000005,0.333333333,0.333333333,0.333333333,0.25,0.166666667,0.166666667,0.166666667,0.166666667,0.166666667,0.083333333,0.083333333,0.166666667,0.25,0.25,0.25,0.25,0.25,0.25,0.25,0.166666667,0.166666667,0.166666667,0.166666667,0.083333333,0.0
69,0.292777778,0.297083333,0.29791666699999997,0.287777778,0.27944444399999996,0.278611111,0.283194444,0.290972222,0.286527778,0.280138889,0.2825,0.281666667,0.28611111100000003,0.286666667,0.290416667,0.306944444,0.322222222,0.33305555600000003,0.34444444399999996,0.352361111,0.365555556,0.381805556,0.387638889,0.392222222,0.39347222200000004,0.39847222200000004,0.40347222200000005,0.40333333299999996,0.40305555600000004,0.40652777799999995
70,0.36763888899999997,0.376527778,0.373888889,0.36,0.358333333,0.363055556,0.37013888899999997,0.38069444399999997,0.37472222200000005,0.36958333299999996,0.373333333,0.37375,0.380833333,0.38347222200000003,0.391527778,0.415416667,0.43013888899999997,0.43569444399999996,0.449583333,0.459027778,0.472361111,0.49166666700000006,0.49527777799999995,0.503194444,0.507638889,0.512083333,0.517222222,0.515,0.515555556,0.524444444
71,0.22777777800000001,0.227222222,0.229166667,0.224583333,0.210416667,0.20694444399999998,0.207083333,0.209166667,0.201388889,0.196666667,0.197361111,0.195277778,0.19805555600000002,0.19902777800000002,0.200833333,0.209027778,0.226111111,0.242222222,0.254444444,0.264444444,0.281527778,0.294166667,0.30125,0.304861111,0.3025,0.306388889,0.310833333,0.3125,0.312638889,0.309166667
72,0.606692308,0.579769231,0.577846154,0.559615385,0.548692308,0.517,0.49200000000000005,0.478230769,0.46546153799999995,0.451615385,0.442538462,0.446692308,0.450461538,0.43092307700000004,0.42976923100000003,0.41046153799999996,0.41700000000000004,0.43269230799999997,0.44276923100000004,0.43276923100000003,0.42392307700000004,0.416153846,0.411307692,0.401846154,0.405615385,0.407230769,0.42192307700000004,0.41653846200000005,0.43,0.43423076899999996
73,0.003076923,0.002948718,0.004358974,0.004358974,0.004358974,0.002307692,0.0016666670000000001,0.0016666670000000001,0.0016666670000000001,0.0015384620000000002,0.0014102560000000001,0.0014102560000000001,0.0014358970000000002,0.0014358970000000002,0.0014358970000000002,2.56e-05,2.56e-05,0.000410256,0.000410256,0.000410256,0.000410256,0.000410256,0.000410256,0.000410256,0.000410256,0.000384615,0.000384615,0.000384615,0.000384615,0.000384615
74,0.538461538,0.46153846200000004,0.46153846200000004,0.46153846200000004,0.46153846200000004,0.384615385,0.307692308,0.307692308,0.307692308,0.23076923100000002,0.153846154,0.153846154,0.23076923100000002,0.153846154,0.153846154,0.076923077,0.153846154,0.23076923100000002,0.23076923100000002,0.23076923100000002,0.23076923100000002,0.23076923100000002,0.23076923100000002,0.23076923100000002,0.23076923100000002,0.153846154,0.153846154,0.153846154,0.153846154,0.076923077
75,0.291923077,0.294487179,0.29705128199999997,0.291538462,0.284487179,0.280897436,0.281794872,0.29051282100000003,0.290641026,0.279358974,0.278333333,0.282692308,0.28641025600000003,0.28884615399999997,0.290897436,0.299871795,0.316282051,0.330384615,0.34256410299999995,0.354358974,0.359487179,0.367307692,0.377564103,0.383974359,0.389615385,0.392564103,0.39871794899999996,0.404102564,0.405,0.408205128
76,0.363846154,0.371025641,0.375384615,0.366153846,0.358589744,0.363333333,0.368461538,0.38025641,0.381153846,0.366410256,0.37,0.372435897,0.378333333,0.385641026,0.389230769,0.404487179,0.423333333,0.43474359,0.44833333299999995,0.46230769200000005,0.465769231,0.474358974,0.486025641,0.492307692,0.501923077,0.5067948720000001,0.512692308,0.5184615379999999,0.515769231,0.5217948720000001
77,0.230128205,0.227051282,0.227307692,0.224871795,0.219615385,0.20935897399999998,0.207307692,0.21089743600000002,0.205384615,0.196282051,0.194230769,0.196923077,0.201794872,0.200512821,0.202948718,0.20628205100000002,0.22102564100000002,0.23871794899999998,0.251153846,0.263846154,0.272179487,0.28192307699999997,0.290769231,0.296153846,0.300769231,0.30051282100000004,0.306153846,0.309358974,0.316666667,0.315384615
78,0.629,0.594428571,0.588,0.567571429,0.5489999999999999,0.5365,0.512571429,0.487214286,0.475071429,0.45407142899999997,0.45157142899999997,0.440214286,0.447214286,0.440714286,0.43014285700000005,0.430785714,0.418214286,0.43114285700000005,0.43814285700000005,0.43435714299999995,0.424,0.417428571,0.40378571399999996,0.405357143,0.405928571,0.410571429,0.41421428600000004,0.416785714,0.431,0.440285714
79,0.005357143000000001,0.002857143,0.0040476190000000006,0.0040476190000000006,0.0040476190000000006,0.0040476190000000006,0.002142857,0.0015476189999999999,0.0015476189999999999,0.0015476189999999999,0.001428571,0.0013095239999999998,0.001333333,0.001333333,0.001333333,0.001333333,2.3800000000000003e-05,0.000380952,0.000380952,0.000380952,0.000380952,0.000380952,0.000380952,0.000380952,0.000380952,0.000380952,0.00035714300000000003,0.00035714300000000003,0.00035714300000000003,0.00035714300000000003
80,0.571428571,0.5,0.5,0.428571429,0.428571429,0.428571429,0.35714285700000004,0.28571428600000004,0.28571428600000004,0.28571428600000004,0.214285714,0.14285714300000002,0.214285714,0.214285714,0.14285714300000002,0.14285714300000002,0.14285714300000002,0.214285714,0.214285714,0.214285714,0.214285714,0.214285714,0.214285714,0.214285714,0.214285714,0.214285714,0.14285714300000002,0.14285714300000002,0.14285714300000002,0.14285714300000002
81,0.294880952,0.293571429,0.294642857,0.29119047600000003,0.28821428600000004,0.28547619,0.283690476,0.28869047600000003,0.290238095,0.283690476,0.277738095,0.278809524,0.28702381,0.288928571,0.292619048,0.299642857,0.309047619,0.324285714,0.339404762,0.35190476200000004,0.360833333,0.361547619,0.36440476200000005,0.37488095200000005,0.382142857,0.389047619,0.393214286,0.399642857,0.40559523799999997,0.409642857
82,0.36511904799999995,0.367261905,0.37035714299999994,0.368095238,0.36440476200000005,0.363214286,0.368333333,0.37797619,0.380714286,0.37297619,0.36702381,0.36940476200000005,0.376785714,0.38297619,0.39083333299999995,0.401428571,0.412619048,0.428095238,0.446547619,0.460238095,0.46833333299999996,0.46809523799999997,0.470357143,0.48392857100000003,0.49190476200000005,0.501547619,0.507738095,0.514166667,0.518928571,0.521547619
83,0.236428571,0.22928571399999997,0.227142857,0.223452381,0.220238095,0.21797619,0.20952381,0.210833333,0.207261905,0.20035714300000002,0.19404761899999998,0.19404761899999998,0.20285714300000002,0.203809524,0.20404761899999999,0.207857143,0.217619048,0.233095238,0.247261905,0.260119048,0.271071429,0.27321428600000003,0.27964285699999997,0.28678571399999997,0.29297619,0.299047619,0.300714286,0.305119048,0.313452381,0.318928571
84,0.628133333,0.616066667,0.6011333329999999,0.577733333,0.557133333,0.5376,0.531066667,0.506733333,0.48366666700000005,0.4638,0.45386666700000006,0.4488,0.44113333299999996,0.438333333,0.439333333,0.431066667,0.436666667,0.431333333,0.436333333,0.4306,0.426066667,0.41793333299999996,0.4058,0.39873333299999997,0.40893333299999995,0.41053333299999994,0.416866667,0.40993333299999996,0.43026666700000005,0.44053333299999997
85,0.005,0.005,0.0038888890000000004,0.003777778,0.003777778,0.003777778,0.003777778,0.002,0.001444444,0.001444444,0.001444444,0.001333333,0.001244444,0.001244444,0.001244444,0.001244444,0.001244444,0.000355556,0.000355556,0.000355556,0.000355556,0.000355556,0.000355556,0.000355556,0.000355556,0.000355556,0.000355556,0.00033333300000000006,0.00033333300000000006,0.00033333300000000006
86,0.533333333,0.533333333,0.533333333,0.46666666700000003,0.4,0.4,0.4,0.333333333,0.26666666699999997,0.26666666699999997,0.26666666699999997,0.2,0.2,0.2,0.2,0.133333333,0.2,0.2,0.2,0.2,0.2,0.2,0.2,0.2,0.2,0.2,0.2,0.133333333,0.133333333,0.133333333
87,0.300666667,0.296222222,0.293777778,0.289333333,0.28811111100000003,0.288888889,0.287777778,0.29,0.288555556,0.283777778,0.281888889,0.278222222,0.283111111,0.289333333,0.29244444399999997,0.300666667,0.308222222,0.317,0.333111111,0.34833333299999997,0.35811111100000004,0.36266666700000005,0.35922222200000004,0.362777778,0.37377777799999995,0.382111111,0.38988888899999996,0.394444444,0.40133333299999996,0.409888889
88,0.371888889,0.36822222200000004,0.366888889,0.363888889,0.366333333,0.368333333,0.367888889,0.37722222200000005,0.378555556,0.373111111,0.373111111,0.36666666700000006,0.373666667,0.38122222200000005,0.38799999999999996,0.402111111,0.409222222,0.417777778,0.439555556,0.45777777799999997,0.466,0.47033333299999996,0.464777778,0.46944444399999996,0.48411111100000004,0.49222222200000004,0.502777778,0.509444444,0.514888889,0.524111111
89,0.240888889,0.23522222199999998,0.229222222,0.22355555600000002,0.219222222,0.21866666699999998,0.217555556,0.212666667,0.20744444399999998,0.20244444399999997,0.198,0.19388888899999998,0.19977777800000002,0.204666667,0.206888889,0.208555556,0.21833333300000002,0.229111111,0.24144444399999998,0.255888889,0.267111111,0.272111111,0.271666667,0.276666667,0.28444444399999996,0.291888889,0.29933333300000003,0.30011111100000004,0.309222222,0.315777778
90,0.6344375,0.6160625,0.621,0.5906875,0.5673125,0.5459375,0.5324375,0.5244375,0.5021875,0.4725625,0.46299999999999997,0.451125,0.449125,0.4331875,0.4371875,0.439625,0.4365625,0.4478125,0.4361875,0.429375,0.4230625,0.42025,0.40700000000000003,0.4009375,0.4025,0.4130625,0.4164375,0.4126875,0.423,0.43925
91,0.0046875,0.0046875,0.0058333330000000004,0.003645833,0.003541667,0.003541667,0.003541667,0.003541667,0.001875,0.001354167,0.001354167,0.001354167,0.001270833,0.001166667,0.001166667,0.001166667,0.001166667,0.0014791670000000002,0.00033333300000000006,0.00033333300000000006,0.00033333300000000006,0.00033333300000000006,0.00033333300000000006,0.00033333300000000006,0.00033333300000000006,0.00033333300000000006,0.00033333300000000006,0.00033333300000000006,0.0003125,0.0003125
92,0.5,0.5,0.5625,0.5,0.4375,0.375,0.375,0.375,0.3125,0.25,0.25,0.25,0.25,0.1875,0.1875,0.1875,0.1875,0.25,0.1875,0.1875,0.1875,0.1875,0.1875,0.1875,0.1875,0.1875,0.1875,0.1875,0.125,0.125
93,0.299583333,0.3015625,0.29625,0.288854167,0.2865625,0.28875,0.290833333,0.2934375,0.289791667,0.282604167,0.282083333,0.282083333,0.28229166699999997,0.28552083300000003,0.29260416699999997,0.3,0.308645833,0.315729167,0.325729167,0.341875,0.354375,0.36,0.360416667,0.358020833,0.3625,0.37427083299999997,0.38333333299999994,0.39125,0.39635416700000003,0.405625
94,0.371145833,0.374375,0.3678125,0.361041667,0.3625,0.36989583299999995,0.37239583299999995,0.37625,0.3778125,0.3715625,0.37322916700000003,0.37239583299999995,0.370833333,0.37802083299999995,0.38604166700000003,0.39875,0.409375,0.41427083299999995,0.42916666700000006,0.45052083299999995,0.46333333299999996,0.46802083299999997,0.467083333,0.464270833,0.47052083299999997,0.48489583299999994,0.49395833299999997,0.5046875,0.510416667,0.52
95,0.238229167,0.239479167,0.23479166699999998,0.22572916699999998,0.21958333300000002,0.2178125,0.218229167,0.22,0.209375,0.202916667,0.200104167,0.197604167,0.199270833,0.201666667,0.2075,0.2109375,0.21833333300000002,0.2290625,0.2371875,0.249895833,0.262708333,0.268333333,0.270729167,0.269375,0.275104167,0.283958333,0.29260416699999997,0.298854167,0.304270833,0.311666667
96,0.624411765,0.622705882,0.620705882,0.61,0.580117647,0.556176471,0.540588235,0.5261176470000001,0.5191176470000001,0.490647059,0.471294118,0.45988235299999997,0.45129411799999997,0.441176471,0.432411765,0.437588235,0.44429411799999996,0.44705882399999997,0.451411765,0.429647059,0.42235294100000004,0.41776470600000004,0.40982352899999996,0.402352941,0.404352941,0.40676470600000003,0.418470588,0.41252941200000004,0.424823529,0.431882353
97,0.004411765,0.004411765,0.005490196,0.005490196,0.0034313729999999997,0.003333333,0.003333333,0.003333333,0.003333333,0.001764706,0.00127451,0.00127451,0.0012941180000000001,0.001196078,0.0010980389999999999,0.0010980389999999999,0.0010980389999999999,0.0013921570000000002,0.0013921570000000002,0.000313725,0.000313725,0.000313725,0.000313725,0.000313725,0.000313725,0.000313725,0.000313725,0.000313725,0.000313725,0.000294118
98,0.470588235,0.470588235,0.529411765,0.529411765,0.470588235,0.41176470600000004,0.352941176,0.352941176,0.352941176,0.294117647,0.235294118,0.235294118,0.294117647,0.235294118,0.176470588,0.176470588,0.235294118,0.235294118,0.235294118,0.176470588,0.176470588,0.176470588,0.176470588,0.176470588,0.176470588,0.176470588,0.176470588,0.176470588,0.176470588,0.117647059
99,0.295098039,0.300490196,0.30127451,0.29147058800000003,0.28627451,0.287254902,0.290588235,0.295980392,0.293039216,0.284117647,0.281078431,0.282254902,0.285686275,0.284607843,0.28882352899999997,0.299705882,0.30754902,0.315686275,0.324019608,0.334411765,0.347941176,0.356372549,0.358039216,0.35921568600000003,0.358039216,0.363627451,0.37588235299999995,0.385,0.39323529399999996,0.400686275
100,0.36794117600000004,0.373529412,0.373627451,0.36225490200000005,0.359901961,0.36607843100000004,0.373627451,0.38,0.376862745,0.37127451,0.371764706,0.37254902,0.37598039200000005,0.375098039,0.38274509799999995,0.39627451,0.405784314,0.41411764700000003,0.425196078,0.440098039,0.45617647100000003,0.46539215700000003,0.46509803899999996,0.46647058799999996,0.465588235,0.472058824,0.486960784,0.49627451,0.505882353,0.515490196
101,0.232647059,0.23705882399999997,0.23882352899999998,0.23117647100000002,0.221862745,0.218235294,0.21745098,0.22049019600000003,0.21647058800000002,0.205,0.200686275,0.199607843,0.20245098,0.201078431,0.204509804,0.21127451,0.22,0.22843137300000002,0.236666667,0.245392157,0.256666667,0.264117647,0.267254902,0.268627451,0.268333333,0.275196078,0.28509803899999997,0.29254902,0.302843137,0.306862745
102,0.610166667,0.6138888889999999,0.626722222,0.6103333329999999,0.598944444,0.568888889,0.5505555560000001,0.534166667,0.521,0.507277778,0.488444444,0.467888889,0.45955555600000003,0.443666667,0.44,0.433055556,0.442111111,0.45377777799999996,0.4505,0.444388889,0.423,0.417388889,0.40805555600000004,0.405277778,0.4055,0.408277778,0.412222222,0.41466666700000004,0.424,0.433111111
103,0.004166667,0.004166667,0.005185185,0.005185185,0.005185185,0.0032407409999999997,0.003148148,0.003148148,0.003148148,0.003148148,0.0016666670000000001,0.0012037039999999999,0.001222222,0.001222222,0.00112963,0.001037037,0.001037037,0.001314815,0.001314815,0.001314815,0.000296296,0.000296296,0.000296296,0.000296296,0.000296296,0.000296296,0.000296296,0.000296296,0.000296296,0.000296296
104,0.444444444,0.444444444,0.5,0.5,0.5,0.444444444,0.38888888899999996,0.333333333,0.333333333,0.333333333,0.27777777800000003,0.222222222,0.27777777800000003,0.27777777800000003,0.222222222,0.166666667,0.222222222,0.27777777800000003,0.222222222,0.222222222,0.166666667,0.166666667,0.166666667,0.166666667,0.166666667,0.166666667,0.166666667,0.166666667,0.166666667,0.166666667
105,0.290555556,0.296203704,0.300277778,0.296481481,0.288888889,0.28694444399999997,0.28907407399999996,0.295462963,0.295462963,0.2875,0.282592593,0.281296296,0.285648148,0.287685185,0.287777778,0.29574074100000003,0.306851852,0.31425925899999996,0.323518519,0.332314815,0.34055555600000004,0.350185185,0.35472222200000003,0.35703703700000006,0.35916666700000005,0.359351852,0.36574074100000004,0.37787037,0.387222222,0.3975
106,0.36287037,0.37037037,0.37287037,0.368055556,0.36111111100000004,0.363425926,0.369814815,0.380740741,0.38037037,0.37074074100000004,0.371481481,0.37120370399999997,0.375925926,0.37972222200000005,0.37972222200000005,0.392592593,0.40305555600000004,0.41046296299999996,0.424444444,0.43574074100000004,0.446018519,0.45851851899999996,0.462777778,0.46462963,0.46759259299999995,0.467314815,0.474722222,0.489537037,0.49787037,0.510925926
107,0.229259259,0.231851852,0.236574074,0.235185185,0.227222222,0.220462963,0.21787037,0.21962963,0.21712963,0.21194444399999998,0.20277777800000002,0.200185185,0.204074074,0.20398148100000002,0.20379629600000002,0.208240741,0.219814815,0.229444444,0.235648148,0.24444444399999998,0.252037037,0.258333333,0.263333333,0.265462963,0.267685185,0.268796296,0.276759259,0.285462963,0.296666667,0.30537037
108,0.6097894739999999,0.6009473679999999,0.618157895,0.616578947,0.599842105,0.587315789,0.562894737,0.543947368,0.528894737,0.509684211,0.504315789,0.484315789,0.467157895,0.45189473700000005,0.44242105299999995,0.440210526,0.43757894700000005,0.451210526,0.456684211,0.44389473700000004,0.437315789,0.41826315799999997,0.408210526,0.403842105,0.408105263,0.409157895,0.41336842100000004,0.408947368,0.425421053,0.43189473700000003
109,0.003947368,0.003947368,0.004912281,0.004912281,0.004912281,0.004912281,0.003070175,0.0029824559999999996,0.0029824559999999996,0.0029824559999999996,0.0029824559999999996,0.001578947,0.001157895,0.001157895,0.001157895,0.001070175,0.000982456,0.001245614,0.001245614,0.001245614,0.001245614,0.000280702,0.000280702,0.000280702,0.000280702,0.000280702,0.000280702,0.000280702,0.000280702,0.000280702
110,0.42105263200000004,0.42105263200000004,0.473684211,0.473684211,0.473684211,0.473684211,0.42105263200000004,0.36842105299999994,0.31578947399999996,0.31578947399999996,0.31578947399999996,0.263157895,0.263157895,0.263157895,0.263157895,0.21052631600000002,0.21052631600000002,0.263157895,0.263157895,0.21052631600000002,0.21052631600000002,0.15789473699999998,0.15789473699999998,0.15789473699999998,0.15789473699999998,0.15789473699999998,0.15789473699999998,0.15789473699999998,0.15789473699999998,0.15789473699999998
111,0.290789474,0.291842105,0.29622807,0.295789474,0.29377193,0.289385965,0.288684211,0.29377193,0.295,0.29008771899999997,0.28587719300000003,0.282719298,0.28456140399999996,0.28754386,0.290526316,0.294385965,0.302719298,0.313245614,0.321754386,0.331403509,0.33824561399999997,0.343070175,0.348947368,0.353947368,0.35710526299999995,0.360350877,0.36157894700000004,0.368157895,0.38035087700000003,0.391578947
112,0.363947368,0.365438596,0.369912281,0.367631579,0.36666666700000006,0.364385965,0.36710526299999996,0.376754386,0.381052632,0.374385965,0.37096491200000004,0.37096491200000004,0.374473684,0.379473684,0.38385964899999997,0.389210526,0.399210526,0.40763157899999997,0.420438596,0.43447368399999997,0.44157894700000005,0.44877193,0.456403509,0.46245614,0.465789474,0.46912280700000003,0.47008771899999996,0.477807018,0.49140350899999996,0.503070175
113,0.229649123,0.22868421100000003,0.231666667,0.233245614,0.23122807,0.225614035,0.22,0.21991228100000001,0.216491228,0.21280701800000001,0.209473684,0.202192982,0.204385965,0.205438596,0.20640350899999999,0.20736842100000002,0.216491228,0.22877193,0.23622807,0.243070175,0.250789474,0.25385964899999997,0.257894737,0.261842105,0.26473684199999997,0.268157895,0.270614035,0.27754386,0.289736842,0.299385965
114,0.6138,0.60105,0.60565,0.60895,0.6063,0.58875,0.5807,0.556,0.53845,0.51775,0.50675,0.4996,0.4828,0.4595,0.4503,0.4425,0.44415,0.44645,0.4541,0.4501,0.4372,0.4321,0.4095,0.4042,0.4066,0.41145,0.41395,0.4102,0.41945,0.43285
115,0.00375,0.00375,0.004666667,0.004666667,0.004666667,0.004666667,0.004666667,0.002916667,0.002833333,0.002833333,0.002833333,0.002833333,0.0015166670000000002,0.0011,0.0011,0.0011,0.001016667,0.001183333,0.001183333,0.001183333,0.001183333,0.001183333,0.000266667,0.000266667,0.000266667,0.000266667,0.000266667,0.000266667,0.000266667,0.000266667
116,0.4,0.4,0.45,0.45,0.45,0.45,0.45,0.4,0.35,0.3,0.3,0.3,0.3,0.25,0.25,0.25,0.25,0.25,0.25,0.25,0.2,0.2,0.15,0.15,0.15,0.15,0.15,0.15,0.15,0.15
117,0.290166667,0.292,0.292083333,0.292166667,0.29325,0.294,0.290916667,0.293166667,0.293416667,0.289916667,0.288416667,0.285833333,0.28575,0.286416667,0.29025,0.296666667,0.301083333,0.309,0.320416667,0.329333333,0.337083333,0.34075,0.34225,0.3485,0.35416666700000005,0.358333333,0.362416667,0.36408333299999995,0.371,0.38483333299999994
118,0.36308333299999995,0.366333333,0.36525,0.36508333299999995,0.366333333,0.3695,0.367833333,0.373833333,0.37725,0.375333333,0.37441666700000004,0.3705,0.37408333299999996,0.37791666700000004,0.38341666700000004,0.392666667,0.395666667,0.40375,0.41725,0.430166667,0.44008333299999997,0.44441666700000004,0.44725,0.45641666700000005,0.46366666700000003,0.46733333299999996,0.47166666700000004,0.47325,0.48016666700000005,0.496666667
119,0.22899999999999998,0.229083333,0.228666667,0.22875,0.229583333,0.2295,0.224916667,0.221833333,0.21691666699999998,0.212416667,0.210416667,0.208583333,0.206083333,0.205666667,0.207666667,0.209666667,0.21525,0.225166667,0.23525,0.24325,0.24916666699999998,0.252583333,0.253666667,0.25675,0.261333333,0.265333333,0.269916667,0.271666667,0.282,0.292666667
120,0.6105714289999999,0.605285714,0.60552381,0.59747619,0.59952381,0.595428571,0.5823809520000001,0.573285714,0.550190476,0.527380952,0.514571429,0.502142857,0.49742857100000004,0.474761905,0.457619048,0.45,0.446142857,0.452285714,0.449428571,0.447952381,0.443428571,0.432238095,0.423095238,0.405619048,0.406809524,0.409857143,0.41590476200000004,0.41090476200000003,0.42014285700000004,0.426809524
121,0.003603175,0.003571429,0.0044444440000000005,0.0044444440000000005,0.0044444440000000005,0.0044444440000000005,0.0044444440000000005,0.0044444440000000005,0.002777778,0.0026984129999999998,0.0026984129999999998,0.0026984129999999998,0.0027142859999999998,0.001444444,0.0010476189999999999,0.0010476189999999999,0.0010476189999999999,0.001206349,0.001126984,0.001126984,0.001126984,0.001126984,0.001126984,0.000253968,0.000253968,0.000253968,0.000253968,0.000253968,0.000253968,0.000253968
122,0.428571429,0.380952381,0.428571429,0.428571429,0.428571429,0.428571429,0.428571429,0.428571429,0.380952381,0.333333333,0.28571428600000004,0.28571428600000004,0.333333333,0.28571428600000004,0.23809523800000001,0.23809523800000001,0.28571428600000004,0.28571428600000004,0.23809523800000001,0.23809523800000001,0.23809523800000001,0.19047619,0.19047619,0.14285714300000002,0.14285714300000002,0.14285714300000002,0.14285714300000002,0.14285714300000002,0.14285714300000002,0.14285714300000002
123,0.283730159,0.291349206,0.292222222,0.288412698,0.289920635,0.293492063,0.295238095,0.295079365,0.292857143,0.288650794,0.288333333,0.288253968,0.288571429,0.28746031699999997,0.289047619,0.29611111100000004,0.302936508,0.307142857,0.316031746,0.327698413,0.33484127,0.33952381,0.340079365,0.342142857,0.348968254,0.35547619,0.360396825,0.364761905,0.36698412700000005,0.375714286
124,0.357619048,0.365396825,0.366111111,0.360873016,0.363968254,0.369047619,0.37253968299999995,0.374206349,0.374444444,0.37198412700000005,0.37531746,0.373809524,0.373492063,0.37738095200000005,0.381746032,0.391825397,0.398650794,0.40015873,0.413095238,0.42666666700000005,0.435714286,0.44285714299999995,0.44317460299999994,0.44769841299999996,0.45785714299999997,0.465238095,0.46984127,0.474603175,0.47571428600000004,0.485714286
125,0.21968254,0.228492063,0.22904761899999998,0.226031746,0.22547619,0.228015873,0.228650794,0.22642857100000002,0.21888888899999998,0.213015873,0.21015873,0.20952381,0.211984127,0.20722222199999998,0.207777778,0.21071428600000003,0.217063492,0.223571429,0.231507937,0.241984127,0.249047619,0.250952381,0.252460317,0.252777778,0.256507937,0.262063492,0.267142857,0.270952381,0.276190476,0.28515873
126,0.598318182,0.602590909,0.609363636,0.597727273,0.589,0.589454545,0.589045455,0.575227273,0.566954545,0.539090909,0.523909091,0.5098181820000001,0.499954545,0.48909090899999996,0.472272727,0.457,0.45313636399999996,0.453818182,0.454863636,0.44377272700000003,0.44168181799999995,0.43840909100000003,0.423636364,0.418772727,0.408045455,0.409909091,0.414181818,0.412909091,0.42036363600000004,0.427136364
127,0.003439394,0.003439394,0.004242424,0.004242424,0.004242424,0.004242424,0.004242424,0.004242424,0.004242424,0.002651515,0.002575758,0.002575758,0.0025909089999999997,0.0025909089999999997,0.001378788,0.001,0.001,0.001227273,0.001151515,0.001075758,0.001075758,0.001075758,0.001075758,0.001075758,0.000242424,0.000242424,0.000242424,0.000242424,0.000242424,0.000242424
128,0.409090909,0.409090909,0.409090909,0.409090909,0.409090909,0.409090909,0.409090909,0.409090909,0.409090909,0.363636364,0.318181818,0.272727273,0.318181818,0.318181818,0.272727273,0.22727272699999998,0.272727273,0.318181818,0.272727273,0.22727272699999998,0.22727272699999998,0.22727272699999998,0.181818182,0.181818182,0.13636363599999998,0.13636363599999998,0.13636363599999998,0.13636363599999998,0.13636363599999998,0.13636363599999998
129,0.274772727,0.285151515,0.291590909,0.288712121,0.28643939399999996,0.29030303,0.29469697,0.299015152,0.29469697,0.288333333,0.28719697,0.28818181800000003,0.290757576,0.290075758,0.289924242,0.29469697,0.302121212,0.308636364,0.313939394,0.323181818,0.333030303,0.33727272700000005,0.338939394,0.34007575799999995,0.342878788,0.350454545,0.35757575799999997,0.36272727299999996,0.3675,0.371666667
130,0.350606061,0.36007575799999997,0.36522727299999996,0.361893939,0.36,0.36666666700000006,0.37196969700000004,0.37840909100000003,0.374772727,0.369545455,0.37212121200000003,0.37469697,0.376515152,0.376666667,0.381060606,0.389848485,0.39757575799999995,0.40280303,0.409242424,0.422272727,0.43212121200000003,0.438560606,0.44174242399999997,0.443787879,0.44946969700000006,0.45962121200000006,0.46772727299999994,0.47272727299999995,0.476893939,0.481212121
131,0.212045455,0.21962121199999998,0.22848484800000002,0.226515152,0.223030303,0.224166667,0.22727272699999998,0.229924242,0.223409091,0.215075758,0.210833333,0.209318182,0.212727273,0.21280303,0.209166667,0.21068181800000002,0.217727273,0.224924242,0.22969697,0.238106061,0.247575758,0.25075757600000004,0.25090909100000003,0.251666667,0.25272727300000003,0.25742424199999997,0.263939394,0.268257576,0.27530303,0.279469697
132,0.6006956520000001,0.591217391,0.606608696,0.60173913,0.589608696,0.579826087,0.583608696,0.581913043,0.569086957,0.5556086960000001,0.53526087,0.518956522,0.507391304,0.491869565,0.48608695700000004,0.47104347799999996,0.459695652,0.460173913,0.456217391,0.449217391,0.437956522,0.436956522,0.429913043,0.419478261,0.420521739,0.41095652200000005,0.41404347799999996,0.41139130399999996,0.421869565,0.427043478
133,0.003289855,0.003289855,0.0040869570000000004,0.004057971,0.004057971,0.004057971,0.004057971,0.004057971,0.004057971,0.004057971,0.0025362320000000002,0.002463768,0.0024782610000000003,0.0024782610000000003,0.0024782610000000003,0.001318841,0.000956522,0.001173913,0.001173913,0.001101449,0.001028986,0.001028986,0.001028986,0.001028986,0.001028986,0.00023188400000000002,0.00023188400000000002,0.00023188400000000002,0.00023188400000000002,0.00023188400000000002
134,0.39130434799999997,0.39130434799999997,0.434782609,0.39130434799999997,0.39130434799999997,0.39130434799999997,0.39130434799999997,0.39130434799999997,0.39130434799999997,0.39130434799999997,0.347826087,0.304347826,0.304347826,0.304347826,0.304347826,0.260869565,0.260869565,0.304347826,0.304347826,0.260869565,0.21739130399999998,0.21739130399999998,0.21739130399999998,0.17391304300000002,0.17391304300000002,0.130434783,0.130434783,0.130434783,0.130434783,0.130434783
135,0.274565217,0.276521739,0.285652174,0.28826087,0.286811594,0.286956522,0.291594203,0.29833333300000003,0.298478261,0.290289855,0.286956522,0.287101449,0.29057971,0.29210144899999996,0.292318841,0.295289855,0.300507246,0.307608696,0.315072464,0.320869565,0.328478261,0.335434783,0.336811594,0.338985507,0.340869565,0.34456521700000003,0.35268115899999997,0.359927536,0.365434783,0.371956522
136,0.350362319,0.35326087,0.360144928,0.361231884,0.361014493,0.36275362299999997,0.36956521700000006,0.377608696,0.378768116,0.370072464,0.369782609,0.371666667,0.377246377,0.37942029,0.380217391,0.38884058,0.39543478299999996,0.401594203,0.41137681200000004,0.418188406,0.427681159,0.435,0.437681159,0.442391304,0.445652174,0.451521739,0.46224637700000004,0.47057971,0.475,0.48210144899999996
137,0.21173913,0.212318841,0.22,0.226086957,0.223623188,0.221884058,0.223623188,0.228550725,0.226884058,0.21956521699999998,0.21289855100000002,0.21,0.21239130399999998,0.213478261,0.21442029,0.21188405800000001,0.21739130399999998,0.22521739100000002,0.230724638,0.236086957,0.24362318800000002,0.249275362,0.250724638,0.250217391,0.251666667,0.253768116,0.25942029,0.265144928,0.272536232,0.278478261
138,0.599541667,0.5937916670000001,0.595541667,0.5994166670000001,0.5937916670000001,0.5807916670000001,0.574625,0.5770000000000001,0.57575,0.558125,0.55125,0.530041667,0.51625,0.499333333,0.488875,0.484333333,0.47304166700000005,0.46616666700000003,0.46220833299999997,0.45075,0.44341666700000004,0.43358333299999996,0.428875,0.42566666700000005,0.421125,0.42279166700000004,0.414875,0.411375,0.420041667,0.428208333
139,0.0031527779999999997,0.0031527779999999997,0.003916667,0.003916667,0.0038888890000000004,0.0038888890000000004,0.0038888890000000004,0.0038888890000000004,0.0038888890000000004,0.0038888890000000004,0.0038888890000000004,0.002430556,0.002375,0.002375,0.002375,0.002375,0.001263889,0.001125,0.001125,0.001125,0.001055556,0.000986111,0.000986111,0.000986111,0.000986111,0.000986111,0.000222222,0.000222222,0.000222222,0.000222222
140,0.375,0.375,0.41666666700000005,0.41666666700000005,0.375,0.375,0.375,0.375,0.375,0.375,0.375,0.333333333,0.333333333,0.291666667,0.291666667,0.291666667,0.291666667,0.291666667,0.291666667,0.291666667,0.25,0.208333333,0.208333333,0.208333333,0.166666667,0.166666667,0.125,0.125,0.125,0.125
141,0.27381944399999997,0.27625,0.277361111,0.28270833300000003,0.286458333,0.287291667,0.288333333,0.295208333,0.29784722199999997,0.294097222,0.288888889,0.286875,0.28944444399999997,0.291875,0.294166667,0.297361111,0.300833333,0.305833333,0.313819444,0.321666667,0.326041667,0.330972222,0.335069444,0.336944444,0.339791667,0.342569444,0.34694444399999996,0.35513888899999996,0.36263888899999996,0.36979166700000005
142,0.350694444,0.352916667,0.35361111100000003,0.35652777799999996,0.360416667,0.36361111100000004,0.365694444,0.375069444,0.377986111,0.374097222,0.37027777799999995,0.369444444,0.37423611100000004,0.38,0.38270833299999996,0.38770833299999996,0.394236111,0.399375,0.409861111,0.419861111,0.423541667,0.430625,0.43430555600000004,0.438472222,0.444236111,0.44777777799999996,0.454375,0.465208333,0.472847222,0.480069444
143,0.210347222,0.21201388899999998,0.212986111,0.218055556,0.223333333,0.2225,0.221458333,0.225,0.225694444,0.22305555600000002,0.217291667,0.21201388899999998,0.212916667,0.213125,0.215,0.216805556,0.218263889,0.224583333,0.23076388899999997,0.23680555600000003,0.241458333,0.245416667,0.249305556,0.250069444,0.250277778,0.252708333,0.255833333,0.26076388899999997,0.269375,0.275694444
144,0.5984,0.59296,0.5978399999999999,0.58908,0.5918800000000001,0.58516,0.57576,0.5686399999999999,0.57128,0.56496,0.55384,0.5456,0.527,0.5081600000000001,0.49616000000000005,0.48708,0.48572,0.47872,0.46788,0.45671999999999996,0.44511999999999996,0.439,0.42596000000000006,0.42483999999999994,0.42700000000000005,0.42328000000000005,0.42608,0.41228000000000004,0.41968,0.4262
145,0.0030266670000000002,0.0030266670000000002,0.0037600000000000003,0.0037600000000000003,0.0037600000000000003,0.0037333329999999997,0.0037333329999999997,0.0037333329999999997,0.0037333329999999997,0.0037333329999999997,0.0037333329999999997,0.0037333329999999997,0.002346667,0.00228,0.00228,0.00228,0.00228,0.001413333,0.00108,0.00108,0.00108,0.001013333,0.000946667,0.000946667,0.000946667,0.000946667,0.000946667,0.00021333299999999999,0.00021333299999999999,0.00021333299999999999
146,0.36,0.36,0.4,0.4,0.4,0.36,0.36,0.36,0.36,0.36,0.36,0.36,0.36,0.32,0.28,0.28,0.32,0.32,0.28,0.28,0.28,0.24,0.2,0.2,0.2,0.16,0.16,0.12,0.12,0.12
147,0.2728,0.275466667,0.277066667,0.274866667,0.2812,0.286933333,0.2886,0.291933333,0.29486666699999997,0.293666667,0.2926,0.288733333,0.289133333,0.290733333,0.29386666699999997,0.298933333,0.3026,0.30593333300000003,0.311866667,0.3202,0.3266,0.328533333,0.3308,0.335266667,0.3378,0.34146666700000006,0.34493333299999995,0.34953333299999995,0.35793333299999996,0.366933333
148,0.349866667,0.353133333,0.35326666700000003,0.3504,0.35593333299999996,0.36293333299999997,0.3664,0.37113333299999995,0.37553333299999997,0.37353333299999997,0.37413333299999996,0.369933333,0.37200000000000005,0.377,0.38313333299999996,0.3898,0.392933333,0.39806666700000004,0.4074,0.418066667,0.42493333299999997,0.42653333299999996,0.43013333299999995,0.4352,0.4404,0.44633333299999994,0.450666667,0.457533333,0.4676,0.4778
149,0.2094,0.210666667,0.212666667,0.2114,0.215733333,0.222266667,0.222066667,0.222866667,0.2224,0.222066667,0.220733333,0.216266667,0.214733333,0.2136,0.2146,0.217266667,0.222733333,0.22513333300000002,0.22993333300000002,0.2366,0.241933333,0.243266667,0.2456,0.248733333,0.250133333,0.251333333,0.254733333,0.257266667,0.265,0.272533333
150,0.600192308,0.592115385,0.596884615,0.591538462,0.582230769,0.583653846,0.580153846,0.5699615379999999,0.563461538,0.561076923,0.560576923,0.5483076920000001,0.542076923,0.518807692,0.504769231,0.494153846,0.488307692,0.49069230799999997,0.479884615,0.462384615,0.45107692299999996,0.44080769200000003,0.431461538,0.42219230799999996,0.426153846,0.428846154,0.42642307700000004,0.423153846,0.420230769,0.425615385
151,0.002910256,0.002910256,0.003615385,0.003615385,0.003615385,0.003615385,0.003589744,0.003589744,0.003589744,0.003589744,0.003589744,0.003589744,0.0036025640000000004,0.00225641,0.002192308,0.002192308,0.002192308,0.002384615,0.001358974,0.001038462,0.001038462,0.001038462,0.0009743589999999999,0.000910256,0.000910256,0.000910256,0.000910256,0.000910256,0.000205128,0.000205128
152,0.346153846,0.346153846,0.384615385,0.384615385,0.384615385,0.384615385,0.346153846,0.346153846,0.346153846,0.346153846,0.346153846,0.346153846,0.384615385,0.346153846,0.307692308,0.269230769,0.307692308,0.346153846,0.307692308,0.269230769,0.269230769,0.269230769,0.23076923100000002,0.192307692,0.192307692,0.192307692,0.153846154,0.153846154,0.115384615,0.115384615
153,0.272179487,0.274423077,0.27628205100000003,0.274679487,0.27371794899999996,0.281858974,0.28820512800000003,0.29205128199999997,0.291730769,0.290961538,0.29224359,0.292307692,0.290833333,0.290384615,0.292692308,0.298461538,0.303910256,0.307435897,0.31173076899999996,0.318076923,0.325,0.328974359,0.328461538,0.33115384600000003,0.33615384600000003,0.339487179,0.34378205100000003,0.3475,0.35243589700000005,0.36224359
154,0.34974359,0.35224359,0.35346153799999996,0.35019230799999995,0.35006410299999996,0.358525641,0.36564102600000004,0.37160256399999997,0.37173076899999996,0.371346154,0.373589744,0.373653846,0.372371795,0.37474359,0.380128205,0.38993589700000003,0.39474359,0.39666666700000003,0.40583333299999996,0.415384615,0.42301282100000004,0.42775641,0.426217949,0.431153846,0.43717948700000003,0.442564103,0.449166667,0.453846154,0.460128205,0.47256410299999996
155,0.208974359,0.20974359,0.21134615399999998,0.211153846,0.20942307699999999,0.215,0.221858974,0.223397436,0.22044871800000002,0.219038462,0.219871795,0.219615385,0.218717949,0.21532051300000002,0.215,0.216794872,0.22294871800000002,0.229166667,0.23025641,0.235576923,0.24153846199999998,0.243653846,0.24352564100000001,0.245192308,0.24884615399999999,0.251153846,0.253333333,0.256153846,0.261474359,0.268205128
156,0.5981481479999999,0.594074074,0.595925926,0.590851852,0.584851852,0.574666667,0.578888889,0.574407407,0.564925926,0.553925926,0.557,0.555,0.544814815,0.53362963,0.515148148,0.502518519,0.495074074,0.493,0.49137037,0.474148148,0.456740741,0.446703704,0.433481481,0.42762963,0.423555556,0.427962963,0.431666667,0.42359259299999996,0.430407407,0.425925926
157,0.002802469,0.002802469,0.003481481,0.003481481,0.003481481,0.003481481,0.003481481,0.00345679,0.00345679,0.00345679,0.00345679,0.00345679,0.003469136,0.003469136,0.00217284,0.002111111,0.002111111,0.002296296,0.002296296,0.001308642,0.001,0.001,0.001,0.000938272,0.000876543,0.000876543,0.000876543,0.000876543,0.000876543,0.00019753099999999998
158,0.333333333,0.333333333,0.37037037,0.37037037,0.37037037,0.37037037,0.37037037,0.333333333,0.333333333,0.333333333,0.333333333,0.333333333,0.37037037,0.37037037,0.333333333,0.296296296,0.296296296,0.333333333,0.333333333,0.296296296,0.25925925899999996,0.25925925899999996,0.25925925899999996,0.222222222,0.185185185,0.185185185,0.185185185,0.148148148,0.148148148,0.111111111
159,0.271728395,0.273765432,0.275246914,0.274012346,0.273580247,0.27462963,0.283271605,0.29154321,0.29185185199999997,0.28808642,0.289691358,0.29197530899999996,0.294197531,0.29197530899999996,0.29228395100000004,0.297160494,0.303271605,0.308518519,0.312962963,0.317716049,0.322777778,0.327345679,0.32888888899999996,0.32888888899999996,0.332160494,0.337839506,0.34179012299999995,0.346296296,0.35037037,0.35679012299999996
160,0.35049382700000004,0.35203703700000005,0.35259259299999995,0.35049382700000004,0.349876543,0.352777778,0.361296296,0.37067901200000003,0.372160494,0.36783950600000004,0.371481481,0.37314814799999996,0.375864198,0.375,0.377839506,0.386790123,0.394691358,0.398271605,0.404197531,0.413580247,0.42024691399999997,0.42580246899999996,0.427407407,0.427345679,0.433209877,0.439382716,0.44543209899999997,0.452283951,0.456481481,0.465185185
161,0.208333333,0.209320988,0.21043209899999998,0.20993827199999998,0.20925925899999998,0.208950617,0.214876543,0.22314814800000002,0.22104938300000002,0.217283951,0.217037037,0.21882716,0.221851852,0.219135802,0.216604938,0.217098765,0.222283951,0.229135802,0.233950617,0.235679012,0.24037037,0.243209877,0.243888889,0.243209877,0.245432099,0.249876543,0.25308642,0.254753086,0.260246914,0.264691358
162,0.593678571,0.592321429,0.597678571,0.590142857,0.584428571,0.577464286,0.570392857,0.573392857,0.569392857,0.5556785710000001,0.55025,0.55175,0.5513928570000001,0.536571429,0.529571429,0.512607143,0.5031071429999999,0.49935714299999995,0.493571429,0.48542857100000003,0.46828571399999996,0.452321429,0.439428571,0.429714286,0.42875,0.425392857,0.430714286,0.42875,0.430571429,0.43553571399999996
163,0.002702381,0.002702381,0.003357143,0.003357143,0.003357143,0.003357143,0.003357143,0.003357143,0.003333333,0.003333333,0.003333333,0.003333333,0.003345238,0.003345238,0.003345238,0.0020952379999999997,0.002035714,0.002214286,0.002214286,0.002214286,0.001261905,0.0009642860000000001,0.0009642860000000001,0.0009642860000000001,0.0009047619999999999,0.000845238,0.000845238,0.000845238,0.000845238,0.000845238
164,0.321428571,0.321428571,0.35714285700000004,0.35714285700000004,0.35714285700000004,0.35714285700000004,0.35714285700000004,0.35714285700000004,0.321428571,0.321428571,0.321428571,0.321428571,0.35714285700000004,0.35714285700000004,0.35714285700000004,0.321428571,0.321428571,0.321428571,0.321428571,0.321428571,0.28571428600000004,0.25,0.25,0.25,0.214285714,0.17857142899999998,0.17857142899999998,0.17857142899999998,0.14285714300000002,0.14285714300000002
165,0.270595238,0.27327381,0.274583333,0.273095238,0.27297619,0.274464286,0.27625,0.286666667,0.291369048,0.288333333,0.286964286,0.28952381,0.293809524,0.295178571,0.29375,0.296607143,0.301845238,0.307738095,0.313809524,0.318690476,0.322261905,0.325119048,0.327321429,0.329285714,0.32994047600000004,0.333928571,0.340119048,0.34428571399999996,0.34910714299999995,0.35464285700000003
166,0.35071428600000004,0.352678571,0.352380952,0.349761905,0.350178571,0.3525,0.355654762,0.366309524,0.37125,0.368392857,0.368095238,0.371130952,0.37529761899999997,0.37827381,0.37797619,0.384345238,0.391488095,0.39809523799999996,0.40547619,0.41172619,0.418333333,0.423035714,0.425535714,0.428452381,0.42946428600000003,0.43547619,0.442261905,0.44857142899999997,0.454880952,0.461488095
167,0.206666667,0.208690476,0.21,0.209107143,0.208154762,0.208809524,0.209047619,0.216369048,0.220892857,0.21797619,0.215416667,0.216130952,0.221011905,0.222142857,0.220238095,0.21857142899999998,0.222380952,0.22827381,0.23375,0.239047619,0.240297619,0.24202381,0.24345238100000002,0.24357142899999998,0.243511905,0.246547619,0.251785714,0.25446428600000004,0.25875,0.263392857
168,0.588689655,0.5882068970000001,0.5958620689999999,0.592034483,0.583965517,0.577310345,0.5732413789999999,0.56537931,0.5685862070000001,0.560310345,0.552068966,0.5454137929999999,0.54837931,0.543206897,0.532551724,0.52662069,0.512827586,0.506965517,0.499689655,0.487758621,0.47937931,0.46362069,0.44510344799999996,0.435586207,0.430724138,0.43034482799999996,0.428137931,0.427931034,0.435310345,0.435517241
169,0.002609195,0.002609195,0.0032413790000000004,0.0032413790000000004,0.0032413790000000004,0.0032413790000000004,0.0032413790000000004,0.0032413790000000004,0.0032413790000000004,0.0032183909999999997,0.0032183909999999997,0.0032183909999999997,0.003229885,0.003229885,0.003229885,0.003229885,0.0020229889999999998,0.002137931,0.002137931,0.002137931,0.002137931,0.001218391,0.000931034,0.000931034,0.000931034,0.000873563,0.0008160919999999999,0.0008160919999999999,0.0008160919999999999,0.0008160919999999999
170,0.310344828,0.310344828,0.344827586,0.344827586,0.344827586,0.344827586,0.344827586,0.344827586,0.344827586,0.310344828,0.310344828,0.310344828,0.344827586,0.344827586,0.344827586,0.344827586,0.344827586,0.344827586,0.310344828,0.310344828,0.310344828,0.275862069,0.24137931,0.24137931,0.24137931,0.20689655199999998,0.172413793,0.172413793,0.172413793,0.137931034
171,0.26816092,0.272126437,0.27408046,0.272528736,0.272126437,0.273850575,0.276034483,0.279770115,0.286666667,0.28798850600000003,0.28724137899999996,0.28689655199999997,0.29137931,0.294770115,0.296781609,0.297873563,0.301149425,0.306206897,0.312873563,0.319310345,0.323045977,0.32454023,0.32517241399999997,0.327758621,0.33028735600000003,0.331724138,0.336264368,0.34258620700000003,0.34706896600000003,0.35327586200000005
172,0.349310345,0.352816092,0.35298850600000004,0.349655172,0.349482759,0.352701149,0.355287356,0.360689655,0.367011494,0.367643678,0.36862069,0.36787356299999996,0.373275862,0.377643678,0.381034483,0.38425287399999997,0.38896551700000004,0.39488505700000004,0.405057471,0.412701149,0.41637931,0.421091954,0.42287356299999995,0.426609195,0.43045977,0.431781609,0.438390805,0.445402299,0.45120689700000005,0.459770115
173,0.203448276,0.20706896600000002,0.209367816,0.208735632,0.207413793,0.207758621,0.20890804600000001,0.210689655,0.214425287,0.217931034,0.216149425,0.214597701,0.21833333300000002,0.221321839,0.223103448,0.22201149399999998,0.22362069,0.22816092,0.23275862100000003,0.23867816100000003,0.243390805,0.241896552,0.242298851,0.24316092,0.243850575,0.244655172,0.248505747,0.25316092,0.258333333,0.26183908
174,0.584533333,0.583566667,0.591766667,0.5904666670000001,0.586,0.5771,0.573233333,0.5683,0.561,0.5598333329999999,0.556666667,0.547333333,0.542366667,0.540566667,0.5391,0.5296,0.526366667,0.516233333,0.507033333,0.49386666700000004,0.481833333,0.4745,0.456266667,0.4412,0.43636666700000004,0.4322,0.432833333,0.42553333299999996,0.4343,0.439933333
175,0.002522222,0.002522222,0.003133333,0.003133333,0.003133333,0.003133333,0.003133333,0.003133333,0.003133333,0.003133333,0.0031111109999999997,0.0031111109999999997,0.003122222,0.003122222,0.003122222,0.003122222,0.003122222,0.002122222,0.0020666670000000003,0.0020666670000000003,0.0020666670000000003,0.0020666670000000003,0.001177778,0.0009,0.0009,0.0009,0.000844444,0.000788889,0.000788889,0.000788889
176,0.3,0.3,0.333333333,0.333333333,0.333333333,0.333333333,0.333333333,0.333333333,0.333333333,0.333333333,0.3,0.3,0.333333333,0.333333333,0.333333333,0.333333333,0.36666666700000006,0.36666666700000006,0.333333333,0.3,0.3,0.3,0.26666666699999997,0.233333333,0.233333333,0.233333333,0.2,0.166666667,0.166666667,0.166666667
177,0.265055556,0.269722222,0.272944444,0.272111111,0.271611111,0.273,0.27538888899999997,0.27944444399999996,0.28,0.28355555600000004,0.28694444399999997,0.287166667,0.288777778,0.292388889,0.29633333300000003,0.300666667,0.302222222,0.305388889,0.311222222,0.318222222,0.3235,0.325222222,0.324611111,0.32566666699999997,0.328777778,0.332,0.33405555600000003,0.338777778,0.34533333299999996,0.35116666700000004
178,0.34644444399999996,0.351388889,0.35311111100000003,0.35033333299999997,0.349388889,0.35194444399999997,0.355388889,0.36016666700000005,0.361555556,0.36366666700000005,0.367888889,0.368388889,0.370055556,0.375611111,0.380333333,0.387,0.388722222,0.39233333299999995,0.401722222,0.412055556,0.41716666700000005,0.41911111100000004,0.42100000000000004,0.424,0.428611111,0.432666667,0.43472222200000005,0.441555556,0.448055556,0.45605555600000003
179,0.20027777800000002,0.20394444399999997,0.207777778,0.208166667,0.20711111100000001,0.207055556,0.207888889,0.2105,0.209,0.211777778,0.21616666699999998,0.21533333300000002,0.216777778,0.218722222,0.222277778,0.224722222,0.226777778,0.229166667,0.2325,0.237555556,0.242888889,0.24483333300000001,0.242166667,0.242055556,0.24344444399999998,0.24494444399999998,0.24661111100000002,0.249944444,0.256944444,0.261333333
