0.609,0.8490000000000001,0.841,0.835,0.804,0.903,0.879,0.856,0.895,0.894,0.9109999999999999,0.825,0.628,0.555,0.503,0.48,0.71,0.763,0.816,0.853,0.81,0.9209999999999999,0.89,0.816,0.753,0.878,0.8109999999999999,0.775,0.83,0.863
0.0,0.141666667,0.043333332999999995,0.05,0.02,0.141666667,0.171666667,0.096666667,0.12666666699999998,0.05,0.181666667,0.003333333,0.0,0.0,0.0,0.0,0.005,0.01,0.026666667,0.091666667,0.57,1.005,0.38333333299999994,0.025,0.0,0.243333333,0.0016666670000000001,0.0016666670000000001,0.138333333,0.033333333
0.0,1.0,1.0,1.0,1.0,1.0,1.0,1.0,1.0,1.0,1.0,1.0,0.0,0.0,0.0,0.0,1.0,1.0,1.0,1.0,1.0,1.0,1.0,1.0,1.0,1.0,1.0,1.0,1.0,1.0
0.676666667,0.6316666670000001,0.6233333329999999,0.643333333,0.653333333,0.6033333329999999,0.63,0.655,0.643333333,0.64,0.63,0.668333333,0.7283333329999999,0.725,0.71,0.701666667,0.651666667,0.673333333,0.663333333,0.665,0.663333333,0.65,0.661666667,0.686666667,0.703333333,0.661666667,0.676666667,0.685,0.673333333,0.673333333
0.77,0.671666667,0.66,0.713333333,0.723333333,0.6183333329999999,0.676666667,0.686666667,0.66,0.683333333,0.671666667,0.735,0.818333333,0.795,0.793333333,0.786666667,0.693333333,0.745,0.715,0.715,0.7383333329999999,0.686666667,0.688333333,0.7533333329999999,0.7583333329999999,0.693333333,0.736666667,0.7516666670000001,0.718333333,0.716666667
0.59,0.598333333,0.593333333,0.596666667,0.606666667,0.581666667,0.598333333,0.625,0.6216666670000001,0.61,0.6033333329999999,0.62,0.656666667,0.661666667,0.643333333,0.6216666670000001,0.606666667,0.6316666670000001,0.63,0.6366666670000001,0.601666667,0.6216666670000001,0.63,0.648333333,0.656666667,0.6366666670000001,0.638333333,0.656666667,0.645,0.645
0.6275,0.7290000000000001,0.845,0.838,0.8195,0.8535,0.8909999999999999,0.8675,0.8755,0.8945,0.9025,0.868,0.7265,0.5915,0.529,0.4915,0.595,0.7365,0.7895,0.8345,0.8315,0.8655,0.9055,0.853,0.7845,0.8155,0.8445,0.7929999999999999,0.8025,0.8465
0.0,0.070833333,0.0925,0.046666667,0.035,0.080833333,0.15666666699999998,0.134166667,0.111666667,0.08833333300000001,0.11583333300000001,0.0925,0.0016666670000000001,0.0,0.0,0.0,0.0025,0.0075,0.018333333,0.059166667,0.330833333,0.7875,0.6941666670000001,0.204166667,0.0125,0.12166666699999999,0.1225,0.0016666670000000001,0.07,0.08583333300000001
0.0,0.5,1.0,1.0,1.0,1.0,1.0,1.0,1.0,1.0,1.0,1.0,0.5,0.0,0.0,0.0,0.5,1.0,1.0,1.0,1.0,1.0,1.0,1.0,1.0,1.0,1.0,1.0,1.0,1.0
0.6658333329999999,0.654166667,0.6275,0.6333333329999999,0.648333333,0.6283333329999999,0.6166666670000001,0.6425,0.649166667,0.6416666670000001,0.635,0.649166667,0.698333333,0.726666667,0.7175,0.705833333,0.676666667,0.6625,0.668333333,0.664166667,0.664166667,0.656666667,0.655833333,0.674166667,0.695,0.6825,0.669166667,0.6808333329999999,0.6791666670000001,0.673333333
0.765833333,0.720833333,0.6658333329999999,0.686666667,0.718333333,0.6708333329999999,0.6475,0.681666667,0.673333333,0.671666667,0.6775,0.703333333,0.776666667,0.806666667,0.794166667,0.79,0.74,0.719166667,0.73,0.715,0.726666667,0.7125,0.6875,0.720833333,0.755833333,0.725833333,0.715,0.744166667,0.735,0.7175
0.578333333,0.594166667,0.595833333,0.595,0.601666667,0.594166667,0.59,0.611666667,0.6233333329999999,0.615833333,0.606666667,0.611666667,0.638333333,0.659166667,0.6525,0.6325,0.614166667,0.619166667,0.630833333,0.6333333329999999,0.619166667,0.611666667,0.625833333,0.639166667,0.6525,0.6466666670000001,0.6375,0.6475,0.650833333,0.645
0.674333333,0.701333333,0.766333333,0.841666667,0.826666667,0.847333333,0.862,0.8793333329999999,0.8766666670000001,0.8816666670000001,0.9,0.8766666670000001,0.7879999999999999,0.669333333,0.562,0.5126666670000001,0.564333333,0.6509999999999999,0.763,0.810666667,0.826333333,0.8613333329999999,0.8736666670000001,0.8756666670000001,0.819666667,0.815666667,0.8140000000000001,0.821333333,0.805333333,0.822666667
0.0,0.047222222,0.061666667,0.078333333,0.037777778,0.07055555599999999,0.111111111,0.136666667,0.131666667,0.091111111,0.119444444,0.078333333,0.061666667,0.0011111110000000001,0.0,0.0,0.0016666670000000001,0.005,0.013888889,0.042777777999999995,0.229444444,0.5555555560000001,0.6527777779999999,0.471111111,0.136111111,0.089444444,0.081666667,0.082222222,0.047222222,0.057777777999999995
0.0,0.333333333,0.666666667,1.0,1.0,1.0,1.0,1.0,1.0,1.0,1.0,1.0,0.666666667,0.333333333,0.0,0.0,0.333333333,0.666666667,1.0,1.0,1.0,1.0,1.0,1.0,1.0,1.0,1.0,1.0,1.0,1.0
0.652222222,0.654444444,0.643888889,0.632777778,0.64,0.6333333329999999,0.628888889,0.629444444,0.642777778,0.646111111,0.637777778,0.646111111,0.675555556,0.7072222220000001,0.7211111109999999,0.7122222220000001,0.687777778,0.675555556,0.6627777779999999,0.667222222,0.663888889,0.659444444,0.658333333,0.666111111,0.6838888890000001,0.6838888890000001,0.680555556,0.674444444,0.678333333,0.677222222
0.7494444440000001,0.7344444440000001,0.700555556,0.681666667,0.698888889,0.685,0.6727777779999999,0.660555556,0.674444444,0.676666667,0.671666667,0.696666667,0.7416666670000001,0.7827777779999999,0.802222222,0.791666667,0.757777778,0.7416666670000001,0.717777778,0.725,0.722777778,0.713333333,0.7044444440000001,0.7094444440000001,0.7333333329999999,0.735,0.7294444440000001,0.7272222220000001,0.7355555559999999,0.728888889
0.573888889,0.585,0.593888889,0.596111111,0.598888889,0.595,0.595555556,0.601666667,0.615,0.6188888889999999,0.611666667,0.611111111,0.6266666670000001,0.646111111,0.653888889,0.642222222,0.623888889,0.62,0.622777778,0.632777778,0.622777778,0.62,0.617777778,0.6333333329999999,0.645,0.647222222,0.643888889,0.643888889,0.6466666670000001,0.648888889
0.736,0.718,0.73625,0.7835,0.83225,0.84575,0.85525,0.8605,0.88325,0.8809999999999999,0.889,0.88125,0.8145,0.72975,0.62775,0.5415,0.562,0.614,0.69225,0.7855,0.8105,0.85,0.8685,0.85925,0.845,0.83425,0.8145,0.80425,0.8235,0.81975
0.095833333,0.035416667,0.04625,0.05875,0.06375,0.06375,0.095833333,0.1075,0.134166667,0.11125,0.11375,0.09041666699999999,0.05875,0.04625,0.000833333,0.0,0.00125,0.00375,0.010416667,0.033333333,0.174583333,0.423333333,0.5125,0.495833333,0.35333333299999997,0.162916667,0.0675,0.061666667,0.09625,0.04375
0.25,0.25,0.5,0.75,1.0,1.0,1.0,1.0,1.0,1.0,1.0,1.0,0.75,0.5,0.25,0.0,0.25,0.5,0.75,1.0,1.0,1.0,1.0,1.0,1.0,1.0,1.0,1.0,1.0,1.0
0.645833333,0.647083333,0.6466666670000001,0.64375,0.637916667,0.630833333,0.6325,0.635416667,0.632916667,0.642083333,0.642083333,0.645416667,0.666666667,0.687916667,0.707916667,0.71625,0.6970833329999999,0.6841666670000001,0.6725,0.663333333,0.66625,0.660416667,0.66,0.665416667,0.675416667,0.678333333,0.682083333,0.681666667,0.674166667,0.677083333
0.727916667,0.73,0.715833333,0.70375,0.692083333,0.67875,0.682916667,0.67625,0.660416667,0.676666667,0.675416667,0.6875,0.7270833329999999,0.755,0.785416667,0.798333333,0.767083333,0.754583333,0.735,0.7170833329999999,0.7283333329999999,0.71375,0.7070833329999999,0.716666667,0.721666667,0.723333333,0.7354166670000001,0.735,0.725,0.730833333
0.5791666670000001,0.58,0.5870833329999999,0.594583333,0.59875,0.594583333,0.595833333,0.602916667,0.606666667,0.61375,0.615,0.61375,0.6225,0.635416667,0.645416667,0.645833333,0.6333333329999999,0.625833333,0.6225,0.62625,0.625,0.6225,0.6225,0.625416667,0.639166667,0.642916667,0.645,0.647083333,0.644166667,0.64625
0.7534,0.7586,0.7426,0.7559999999999999,0.7876,0.8464,0.8524,0.8554,0.8674,0.8854,0.887,0.8762,0.8306,0.7626,0.6844,0.5982,0.5752,0.6022,0.6544,0.7244,0.7904,0.8326,0.858,0.858,0.838,0.8516,0.8296,0.8066,0.8094,0.8314
0.07666666700000001,0.105,0.037000000000000005,0.047,0.051,0.07933333299999999,0.08533333300000001,0.096,0.111333333,0.11733333300000001,0.12533333300000002,0.091666667,0.072333333,0.047,0.037000000000000005,0.000666667,0.001,0.003,0.008333333,0.026666667,0.140666667,0.34066666700000003,0.41533333299999997,0.415,0.39666666700000003,0.331333333,0.130666667,0.054333333,0.077,0.083666667
0.4,0.4,0.4,0.6,0.8,1.0,1.0,1.0,1.0,1.0,1.0,1.0,0.8,0.6,0.4,0.2,0.2,0.4,0.6,0.8,1.0,1.0,1.0,1.0,1.0,1.0,1.0,1.0,1.0,1.0
0.649,0.643,0.642333333,0.6459999999999999,0.6456666670000001,0.631,0.6306666670000001,0.637,0.637,0.6343333329999999,0.6396666670000001,0.647333333,0.662,0.678333333,0.692333333,0.706666667,0.703333333,0.692333333,0.68,0.6709999999999999,0.663333333,0.6629999999999999,0.660666667,0.665333333,0.6729999999999999,0.672666667,0.6779999999999999,0.682666667,0.68,0.674
0.721666667,0.716666667,0.716,0.715333333,0.707666667,0.677333333,0.678333333,0.683666667,0.6729999999999999,0.665,0.675666667,0.687333333,0.713666667,0.7406666670000001,0.7626666670000001,0.785666667,0.777333333,0.7626666670000001,0.7466666670000001,0.731,0.721333333,0.72,0.708666667,0.716333333,0.725,0.716,0.726,0.738666667,0.731666667,0.723333333
0.589,0.583,0.582666667,0.589,0.597,0.595333333,0.595333333,0.601666667,0.606666667,0.6073333329999999,0.611666667,0.616,0.6223333329999999,0.6303333329999999,0.637,0.6406666670000001,0.638,0.633,0.6266666670000001,0.6253333329999999,0.6213333329999999,0.6243333329999999,0.624,0.6276666670000001,0.6316666670000001,0.6386666670000001,0.642,0.647333333,0.6466666670000001,0.644333333
0.7593333329999999,0.769333333,0.772333333,0.758,0.764,0.8068333329999999,0.851833333,0.853,0.862,0.871833333,0.8896666670000001,0.8766666670000001,0.834833333,0.784666667,0.719333333,0.650333333,0.616833333,0.6065,0.637833333,0.6875,0.738666667,0.8121666670000001,0.842166667,0.851,0.8405,0.844666667,0.844833333,0.8205,0.8105,0.818333333
0.063888889,0.0875,0.094722222,0.039166667,0.0425,0.066111111,0.094722222,0.08722222199999999,0.10111111099999999,0.10111111099999999,0.128055556,0.105,0.076388889,0.060277778,0.039166667,0.030833332999999997,0.001388889,0.0025,0.006944444,0.022222222000000003,0.11722222199999999,0.28472222199999997,0.347777778,0.350277778,0.34583333299999997,0.371111111,0.27638888899999997,0.109166667,0.068333333,0.069722222
0.333333333,0.5,0.5,0.5,0.666666667,0.833333333,1.0,1.0,1.0,1.0,1.0,1.0,0.833333333,0.666666667,0.5,0.333333333,0.333333333,0.333333333,0.5,0.666666667,0.833333333,1.0,1.0,1.0,1.0,1.0,1.0,1.0,1.0,1.0
0.652222222,0.646111111,0.6397222220000001,0.6425,0.647222222,0.638611111,0.630833333,0.6347222220000001,0.638055556,0.6375,0.633611111,0.644444444,0.660833333,0.6725,0.6836111109999999,0.693888889,0.6975,0.698333333,0.6875,0.6775,0.669722222,0.661111111,0.6627777779999999,0.665,0.671666667,0.671111111,0.673333333,0.6791666670000001,0.681111111,0.6788888890000001
0.7225,0.713333333,0.7072222220000001,0.715555556,0.716666667,0.692777778,0.677222222,0.679722222,0.679722222,0.674722222,0.666111111,0.685555556,0.7091666670000001,0.7272222220000001,0.7494444440000001,0.7666666670000001,0.770277778,0.7719444440000001,0.754722222,0.7413888890000001,0.732222222,0.715555556,0.714722222,0.7161111109999999,0.723333333,0.719722222,0.7194444440000001,0.7302777779999999,0.7352777779999999,0.729166667
0.594166667,0.590555556,0.584722222,0.585,0.591944444,0.594444444,0.595833333,0.6002777779999999,0.605,0.607222222,0.606666667,0.6130555560000001,0.622777778,0.628888889,0.6325,0.634444444,0.635,0.6369444439999999,0.6325,0.6283333329999999,0.621388889,0.621388889,0.625277778,0.6280555560000001,0.6325,0.6325,0.638611111,0.644444444,0.646944444,0.646388889
0.7757142859999999,0.7721428570000001,0.7795714290000001,0.781285714,0.7645714290000001,0.783857143,0.817142857,0.8524285709999999,0.8590000000000001,0.8665714290000001,0.8774285709999999,0.8804285709999999,0.841142857,0.794857143,0.7444285709999999,0.685142857,0.658857143,0.637714286,0.636428571,0.668571429,0.705,0.7647142859999999,0.8232857140000001,0.8384285709999999,0.8370000000000001,0.8458571429999999,0.8398571429999999,0.834857143,0.821857143,0.818
0.07666666700000001,0.075,0.081190476,0.08833333300000001,0.036428571,0.056666667000000004,0.081190476,0.095,0.092857143,0.093809524,0.11261904800000001,0.110238095,0.09,0.06547619,0.051666667,0.033571429,0.027142857000000003,0.0026190479999999997,0.005952381,0.019047619,0.10047619,0.244047619,0.298809524,0.301666667,0.300238095,0.331190476,0.318333333,0.23714285699999998,0.11333333300000001,0.06333333299999999
0.428571429,0.428571429,0.571428571,0.571428571,0.571428571,0.7142857140000001,0.857142857,1.0,1.0,1.0,1.0,1.0,0.857142857,0.7142857140000001,0.571428571,0.428571429,0.428571429,0.428571429,0.428571429,0.571428571,0.7142857140000001,0.857142857,1.0,1.0,1.0,1.0,1.0,1.0,1.0,1.0
0.6514285710000001,0.649285714,0.642857143,0.640238095,0.644047619,0.640952381,0.637380952,0.634285714,0.6359523810000001,0.638333333,0.636428571,0.638571429,0.656428571,0.67,0.677857143,0.6861904759999999,0.687857143,0.694047619,0.693333333,0.684285714,0.67547619,0.666904762,0.661190476,0.666190476,0.67047619,0.670238095,0.671904762,0.675,0.678333333,0.68
0.7214285709999999,0.715238095,0.705714286,0.708095238,0.716666667,0.702619048,0.69047619,0.6785714290000001,0.676904762,0.680238095,0.674285714,0.675952381,0.70452381,0.7214285709999999,0.736666667,0.754761905,0.7561904759999999,0.7666666670000001,0.763809524,0.749047619,0.7409523809999999,0.725714286,0.711666667,0.720238095,0.722142857,0.719047619,0.722142857,0.724047619,0.728571429,0.732619048
0.595,0.594761905,0.590952381,0.586428571,0.588095238,0.59047619,0.595,0.6,0.6033333329999999,0.605714286,0.606666667,0.6085714289999999,0.619285714,0.6283333329999999,0.6309523810000001,0.6309523810000001,0.63047619,0.63452381,0.6359523810000001,0.633095238,0.62452381,0.621428571,0.622619048,0.628571429,0.6321428570000001,0.633095238,0.6333333329999999,0.641190476,0.64452381,0.6466666670000001
0.794125,0.784875,0.78075,0.7865,0.784125,0.781875,0.79575,0.8220000000000001,0.85775,0.863375,0.872125,0.870875,0.848875,0.805375,0.758375,0.711375,0.68825,0.671875,0.66,0.6635,0.68625,0.732,0.780375,0.822375,0.82775,0.842125,0.8415,0.83175,0.83425,0.8270000000000001
0.140833333,0.08479166699999999,0.071041667,0.07729166700000001,0.079791667,0.049583333,0.071041667,0.083125,0.09895833300000001,0.0875,0.10479166699999999,0.09895833300000001,0.09645833300000001,0.07875,0.057291667000000004,0.045208332999999996,0.03,0.025,0.005625,0.016666667,0.08791666699999999,0.213541667,0.261458333,0.26458333300000003,0.263958333,0.293125,0.29,0.27875,0.224791667,0.10333333300000001
0.5,0.5,0.5,0.625,0.625,0.625,0.75,0.875,1.0,1.0,1.0,1.0,0.875,0.75,0.625,0.5,0.5,0.5,0.5,0.5,0.625,0.75,0.875,1.0,1.0,1.0,1.0,1.0,1.0,1.0
0.645,0.6489583329999999,0.646041667,0.642916667,0.641875,0.6389583329999999,0.6395833329999999,0.6395833329999999,0.635416667,0.636458333,0.6372916670000001,0.640416667,0.649791667,0.665,0.675,0.6808333329999999,0.681875,0.686041667,0.690208333,0.689791667,0.681666667,0.672291667,0.66625,0.664375,0.6708333329999999,0.669375,0.671041667,0.6735416670000001,0.674791667,0.677708333
0.711041667,0.715208333,0.708333333,0.706666667,0.71,0.704375,0.699375,0.69,0.67625,0.677708333,0.6791666670000001,0.681875,0.69375,0.715833333,0.7304166670000001,0.742916667,0.747083333,0.754791667,0.760208333,0.757708333,0.747708333,0.734166667,0.721041667,0.716875,0.725,0.718541667,0.72125,0.725833333,0.723333333,0.7270833329999999
0.592916667,0.5954166670000001,0.594583333,0.591666667,0.588958333,0.587291667,0.591458333,0.59875,0.6027083329999999,0.604166667,0.6054166670000001,0.6083333329999999,0.614583333,0.624583333,0.630208333,0.629791667,0.627916667,0.630625,0.6339583329999999,0.636041667,0.629166667,0.624166667,0.6225,0.625833333,0.632083333,0.632708333,0.63375,0.63625,0.6416666670000001,0.6445833329999999
0.780666667,0.800222222,0.791111111,0.7867777779999999,0.788444444,0.797333333,0.792666667,0.802444444,0.8301111109999999,0.861777778,0.8686666670000001,0.866888889,0.843888889,0.816222222,0.771777778,0.7274444440000001,0.7112222220000001,0.696555556,0.6878888890000001,0.681444444,0.6797777779999999,0.712333333,0.7495555559999999,0.784333333,0.814666667,0.833333333,0.838666667,0.8341111109999999,0.831555556,0.8374444440000001
0.12537037,0.140925926,0.080185185,0.068703704,0.070925926,0.08666666699999999,0.063148148,0.073888889,0.087962963,0.09351851900000001,0.09796296300000001,0.09351851900000001,0.087962963,0.085740741,0.07,0.050925925999999996,0.040740741000000004,0.027777778,0.025185185,0.015185185,0.078148148,0.189814815,0.23240740699999998,0.235185185,0.235185185,0.261666667,0.260740741,0.257962963,0.263148148,0.20351851899999998
0.5555555560000001,0.5555555560000001,0.5555555560000001,0.5555555560000001,0.666666667,0.666666667,0.666666667,0.7777777779999999,0.8888888890000001,1.0,1.0,1.0,0.8888888890000001,0.7777777779999999,0.666666667,0.5555555560000001,0.5555555560000001,0.5555555560000001,0.5555555560000001,0.5555555560000001,0.5555555560000001,0.666666667,0.7777777779999999,0.8888888890000001,1.0,1.0,1.0,1.0,1.0,1.0
0.645740741,0.643518519,0.646111111,0.645740741,0.6440740739999999,0.6375925929999999,0.637962963,0.641296296,0.64,0.635925926,0.635740741,0.640740741,0.650185185,0.658148148,0.67,0.6779629629999999,0.677592593,0.6809259259999999,0.683518519,0.687407407,0.686851852,0.678148148,0.671111111,0.668518519,0.668703704,0.669814815,0.670185185,0.672592593,0.673518519,0.67462963
0.714814815,0.706666667,0.7090740740000001,0.708888889,0.7085185190000001,0.699814815,0.701296296,0.6979629629999999,0.686666667,0.6770370370000001,0.6770370370000001,0.68537037,0.6970370370000001,0.705,0.7244444440000001,0.736666667,0.7374074070000001,0.746851852,0.75037037,0.755185185,0.7555555559999999,0.740925926,0.729074074,0.72462963,0.721481481,0.721481481,0.720555556,0.72462963,0.725,0.722592593
0.588518519,0.593518519,0.595185185,0.594814815,0.593333333,0.5881481479999999,0.588518519,0.595185185,0.601296296,0.603518519,0.604074074,0.607037037,0.613703704,0.619814815,0.6266666670000001,0.629259259,0.627222222,0.6283333329999999,0.630555556,0.634259259,0.632222222,0.6283333329999999,0.624814815,0.62537037,0.629259259,0.6325925929999999,0.6333333329999999,0.636296296,0.637222222,0.642037037
0.7885,0.7875,0.8043,0.7955,0.7885,0.7999,0.8055,0.799,0.8117,0.8365,0.8667,0.8643,0.843,0.815,0.7849,0.7426,0.7257,0.7164,0.7085,0.7044,0.6943,0.7039,0.7301,0.7562,0.7812,0.821,0.8311,0.8323,0.8337,0.8347
0.11666666699999999,0.127,0.131166667,0.07716666700000001,0.06383333299999999,0.078,0.095166667,0.0665,0.079166667,0.08416666699999999,0.10233333300000001,0.0885,0.08416666699999999,0.079166667,0.07716666700000001,0.063,0.046333333,0.037666667,0.027666667000000002,0.031833333,0.070666667,0.170833333,0.209166667,0.211666667,0.211666667,0.23600000000000002,0.235666667,0.234833333,0.24600000000000002,0.240166667
0.6,0.6,0.6,0.6,0.6,0.7,0.7,0.7,0.8,0.9,1.0,1.0,0.9,0.8,0.7,0.6,0.6,0.6,0.6,0.6,0.6,0.6,0.7,0.8,0.9,1.0,1.0,1.0,1.0,1.0
0.638166667,0.644333333,0.6415,0.645833333,0.6465,0.64,0.636833333,0.6396666670000001,0.6415,0.64,0.635333333,0.639,0.6495,0.657666667,0.663333333,0.673166667,0.675333333,0.677166667,0.6791666670000001,0.681666667,0.685,0.6831666670000001,0.6765,0.672666667,0.672,0.6679999999999999,0.6705,0.671666667,0.672666667,0.6735
0.7025,0.7105,0.7020000000000001,0.7095,0.710333333,0.6995,0.6975,0.699833333,0.6941666670000001,0.686333333,0.6765,0.6828333329999999,0.698666667,0.706833333,0.713833333,0.730666667,0.7323333329999999,0.738166667,0.7436666670000001,0.746833333,0.7535,0.7486666670000001,0.735666667,0.7315,0.728,0.718666667,0.723,0.723666667,0.7240000000000001,0.724166667
0.5851666670000001,0.5895,0.5935,0.595333333,0.596,0.592166667,0.589166667,0.592166667,0.597833333,0.602166667,0.6035,0.605666667,0.612,0.6185,0.622166667,0.626166667,0.627,0.6276666670000001,0.6285,0.631166667,0.631,0.631166667,0.6285,0.627166667,0.6285,0.63,0.633166667,0.6356666670000001,0.637166667,0.638
0.791454545,0.794,0.7923636359999999,0.807090909,0.7962727270000001,0.798909091,0.807090909,0.810090909,0.807727273,0.819181818,0.843272727,0.8629090909999999,0.842818182,0.816818182,0.786636364,0.757181818,0.7396363640000001,0.7290909090000001,0.725454545,0.7216363640000001,0.7140000000000001,0.7149090909999999,0.720818182,0.7379090909999999,0.7559090909999999,0.79,0.820090909,0.826,0.832090909,0.836363636
0.11818181800000001,0.118939394,0.119393939,0.123787879,0.071969697,0.070909091,0.086515152,0.09530303,0.071969697,0.076515152,0.09303030300000001,0.093333333,0.080454545,0.076515152,0.071969697,0.070151515,0.057727272999999996,0.043030303,0.036666667,0.033484848,0.080757576,0.155606061,0.190151515,0.192424242,0.192424242,0.214545455,0.21469697,0.21439393899999998,0.22606060600000003,0.226666667
0.636363636,0.636363636,0.636363636,0.636363636,0.636363636,0.636363636,0.727272727,0.727272727,0.727272727,0.818181818,0.9090909090000001,1.0,0.9090909090000001,0.818181818,0.727272727,0.636363636,0.636363636,0.636363636,0.636363636,0.636363636,0.636363636,0.636363636,0.636363636,0.727272727,0.818181818,0.9090909090000001,1.0,1.0,1.0,1.0
0.631969697,0.637575758,0.642424242,0.6416666670000001,0.646515152,0.642575758,0.639090909,0.6384848479999999,0.64,0.641363636,0.639090909,0.638333333,0.6471212120000001,0.656363636,0.662424242,0.666818182,0.6712121209999999,0.675151515,0.675909091,0.677878788,0.68,0.681818182,0.681212121,0.6774242420000001,0.675454545,0.6710606060000001,0.668787879,0.671818182,0.671818182,0.672727273
0.694090909,0.69969697,0.705909091,0.703030303,0.7107575759999999,0.701969697,0.6974242420000001,0.696515152,0.696212121,0.693181818,0.685,0.681818182,0.695151515,0.707424242,0.71469697,0.720454545,0.727272727,0.733484848,0.7360606059999999,0.7410606059999999,0.7460606059999999,0.747424242,0.7431818179999999,0.737272727,0.7339393940000001,0.724848485,0.72030303,0.7256060609999999,0.7231818179999999,0.723333333
0.580757576,0.586363636,0.589848485,0.593787879,0.596363636,0.59469697,0.5927272729999999,0.592424242,0.594848485,0.598939394,0.602272727,0.605,0.61030303,0.6165151520000001,0.620757576,0.622121212,0.624393939,0.627424242,0.627878788,0.629242424,0.6284848479999999,0.630151515,0.631060606,0.63030303,0.629848485,0.629242424,0.630757576,0.63530303,0.6365151520000001,0.637878788
0.79625,0.79625,0.7979166670000001,0.7959166670000001,0.8068333329999999,0.8051666670000001,0.805583333,0.8111666670000001,0.8171666670000001,0.814916667,0.826833333,0.84175,0.843333333,0.8188333329999999,0.790666667,0.761083333,0.75325,0.741583333,0.7363333329999999,0.736083333,0.7290000000000001,0.73125,0.7295,0.72875,0.739166667,0.766083333,0.79175,0.816333333,0.826333333,0.834666667
0.11861111099999999,0.120138889,0.112638889,0.113611111,0.11513888900000001,0.07777777799999999,0.079305556,0.08736111099999999,0.097916667,0.07013888900000001,0.08527777800000001,0.08555555599999999,0.08555555599999999,0.07375,0.07013888900000001,0.065972222,0.064722222,0.05375,0.041666667000000004,0.04125,0.078194444,0.157777778,0.174583333,0.176388889,0.176388889,0.196666667,0.19680555600000002,0.196944444,0.208055556,0.21
0.666666667,0.666666667,0.666666667,0.666666667,0.666666667,0.666666667,0.666666667,0.75,0.75,0.75,0.833333333,0.916666667,0.916666667,0.833333333,0.75,0.666666667,0.666666667,0.666666667,0.666666667,0.666666667,0.666666667,0.666666667,0.666666667,0.666666667,0.75,0.833333333,0.916666667,1.0,1.0,1.0
0.625555556,0.6319444439999999,0.636388889,0.6425,0.642638889,0.642916667,0.6415277779999999,0.640416667,0.638888889,0.64,0.640416667,0.6415277779999999,0.645833333,0.653611111,0.660833333,0.665694444,0.665555556,0.671388889,0.674166667,0.675,0.676666667,0.6775,0.6801388890000001,0.681666667,0.679583333,0.674305556,0.671527778,0.670138889,0.6719444440000001,0.6719444440000001
0.6848611109999999,0.692222222,0.6963888890000001,0.706527778,0.704722222,0.7030555559999999,0.6998611109999999,0.696527778,0.693472222,0.6951388890000001,0.6913888890000001,0.6891666670000001,0.6931944440000001,0.703472222,0.714583333,0.720694444,0.7181944440000001,0.72875,0.731944444,0.7343055559999999,0.740833333,0.7411111109999999,0.7425,0.744027778,0.739027778,0.730555556,0.725833333,0.722916667,0.725,0.7226388890000001
0.5775,0.5822222220000001,0.586944444,0.5904166670000001,0.594861111,0.595138889,0.595,0.5954166670000001,0.594861111,0.596111111,0.599305556,0.60375,0.609305556,0.614583333,0.61875,0.620833333,0.620833333,0.625,0.627638889,0.628611111,0.6269444439999999,0.627916667,0.630138889,0.6325,0.6325,0.630416667,0.63,0.632916667,0.6361111110000001,0.637222222
0.803384615,0.8003076920000001,0.799692308,0.800769231,0.796538462,0.814230769,0.810846154,0.809461538,0.817615385,0.823076923,0.822307692,0.8266923079999999,0.825307692,0.821153846,0.794538462,0.7667692309999999,0.7571538459999999,0.754,0.747307692,0.745307692,0.7417692309999999,0.7437692309999999,0.7434615379999999,0.7361538459999999,0.730615385,0.7498461540000001,0.769538462,0.790461538,0.817384615,0.829153846
0.112179487,0.120384615,0.11423076900000001,0.107820513,0.106410256,0.117179487,0.085,0.08064102599999999,0.090384615,0.094230769,0.07871794900000001,0.07897435900000001,0.07897435900000001,0.07897435900000001,0.068076923,0.06474359,0.061282051,0.060512820999999994,0.051666667,0.045512820999999995,0.081923077,0.149487179,0.175128205,0.163076923,0.162820513,0.18153846199999998,0.181666667,0.181794872,0.192435897,0.194615385
0.692307692,0.692307692,0.692307692,0.692307692,0.692307692,0.692307692,0.692307692,0.692307692,0.7692307690000001,0.7692307690000001,0.7692307690000001,0.846153846,0.846153846,0.846153846,0.7692307690000001,0.692307692,0.692307692,0.692307692,0.692307692,0.692307692,0.692307692,0.692307692,0.692307692,0.692307692,0.692307692,0.7692307690000001,0.846153846,0.923076923,1.0,1.0
0.621923077,0.626025641,0.631282051,0.6369230770000001,0.643333333,0.639615385,0.6419230770000001,0.642564103,0.6406410260000001,0.638974359,0.639230769,0.642564103,0.648205128,0.6519230770000001,0.657948718,0.663974359,0.664615385,0.666153846,0.670769231,0.673461538,0.674102564,0.674615385,0.6762820509999999,0.680641026,0.683333333,0.678205128,0.6744871790000001,0.672564103,0.670384615,0.6720512820000001
0.679102564,0.683846154,0.68974359,0.6976923079999999,0.7078205129999999,0.698076923,0.701025641,0.698846154,0.6937179490000001,0.6926923079999999,0.693333333,0.69474359,0.699102564,0.701025641,0.710384615,0.720128205,0.7185897440000001,0.72025641,0.727692308,0.7306410259999999,0.734615385,0.736666667,0.737051282,0.7433333329999999,0.745128205,0.7355128209999999,0.7310256409999999,0.727820513,0.722564103,0.724358974
0.576153846,0.5791025639999999,0.583076923,0.5876923079999999,0.591666667,0.593846154,0.595384615,0.597307692,0.597435897,0.596025641,0.596666667,0.600897436,0.607820513,0.6133333329999999,0.616794872,0.618974359,0.61974359,0.6216666670000001,0.625384615,0.6283333329999999,0.6265384620000001,0.6265384620000001,0.628076923,0.6315384620000001,0.634358974,0.632820513,0.631025641,0.632051282,0.633846154,0.6367948720000001
0.8119285709999999,0.806642857,0.8032142859999999,0.8022142859999999,0.8009999999999999,0.804142857,0.818857143,0.8140714290000001,0.815571429,0.8230714290000001,0.829357143,0.8225,0.8125,0.8059999999999999,0.798428571,0.772071429,0.7627142859999999,0.7575714290000001,0.7584285709999999,0.754857143,0.749928571,0.7545714290000001,0.754214286,0.748642857,0.737357143,0.741142857,0.754214286,0.7699285709999999,0.793285714,0.8206428570000001
0.11392857099999999,0.11428571400000001,0.114880952,0.109642857,0.101547619,0.108928571,0.12107142900000001,0.08583333300000001,0.083928571,0.0875,0.10047619,0.073333333,0.073333333,0.073333333,0.073333333,0.063214286,0.06047619,0.057619048,0.058095238,0.05452381,0.08297619,0.147857143,0.166190476,0.16440476199999998,0.15142857099999998,0.168571429,0.168690476,0.168809524,0.17869047600000001,0.18107142899999998
0.7142857140000001,0.7142857140000001,0.7142857140000001,0.7142857140000001,0.7142857140000001,0.7142857140000001,0.7142857140000001,0.7142857140000001,0.7142857140000001,0.7857142859999999,0.7857142859999999,0.7857142859999999,0.7857142859999999,0.7857142859999999,0.7857142859999999,0.7142857140000001,0.7142857140000001,0.7142857140000001,0.7142857140000001,0.7142857140000001,0.7142857140000001,0.7142857140000001,0.7142857140000001,0.7142857140000001,0.7142857140000001,0.7142857140000001,0.7857142859999999,0.857142857,0.9285714290000001,1.0
0.621547619,0.622619048,0.625833333,0.6321428570000001,0.638095238,0.64047619,0.638928571,0.642857143,0.6426190479999999,0.640595238,0.638333333,0.641309524,0.648690476,0.653690476,0.656071429,0.6610714289999999,0.6630952379999999,0.665238095,0.665952381,0.6703571429999999,0.672738095,0.672380952,0.673690476,0.67702381,0.682261905,0.6817857140000001,0.6780952379999999,0.675238095,0.6726190479999999,0.670595238
0.6761904759999999,0.6785714290000001,0.682142857,0.691428571,0.69952381,0.7014285709999999,0.6965476190000001,0.7,0.6960714290000001,0.69297619,0.6911904759999999,0.696309524,0.703571429,0.7059523809999999,0.707619048,0.715833333,0.7182142859999999,0.72047619,0.719880952,0.726785714,0.731190476,0.731190476,0.7332142859999999,0.7382142859999999,0.744404762,0.7414285709999999,0.7355952379999999,0.7325,0.727142857,0.722142857
0.578095238,0.577738095,0.5801190479999999,0.584047619,0.589047619,0.590952381,0.594166667,0.5975,0.599047619,0.598333333,0.596547619,0.598333333,0.604880952,0.611666667,0.61547619,0.617142857,0.618095238,0.6205952379999999,0.622261905,0.626190476,0.626428571,0.626190476,0.6267857139999999,0.62952381,0.6333333329999999,0.63452381,0.633214286,0.632857143,0.63297619,0.634642857
0.813533333,0.8144,0.8089333329999999,0.805333333,0.802333333,0.8078,0.809133333,0.821333333,0.819466667,0.8208,0.8289333329999999,0.829066667,0.809533333,0.795333333,0.7858,0.7772,0.767933333,0.762733333,0.761466667,0.764733333,0.7585333329999999,0.761333333,0.7636,0.7583333329999999,0.748933333,0.746733333,0.7458,0.7556,0.773933333,0.797933333
0.109888889,0.11577777800000001,0.109555556,0.110555556,0.10366666699999999,0.10422222199999999,0.113111111,0.119444444,0.088555556,0.081666667,0.093777778,0.094,0.06844444400000001,0.06844444400000001,0.06844444400000001,0.06844444400000001,0.059333332999999995,0.057111111,0.055555556,0.060333332999999996,0.088888889,0.144444444,0.163555556,0.156777778,0.153444444,0.15755555599999999,0.15744444400000002,0.15755555599999999,0.16677777800000002,0.16899999999999998
0.7333333329999999,0.7333333329999999,0.7333333329999999,0.7333333329999999,0.7333333329999999,0.7333333329999999,0.7333333329999999,0.7333333329999999,0.7333333329999999,0.7333333329999999,0.8,0.8,0.7333333329999999,0.7333333329999999,0.7333333329999999,0.7333333329999999,0.7333333329999999,0.7333333329999999,0.7333333329999999,0.7333333329999999,0.7333333329999999,0.7333333329999999,0.7333333329999999,0.7333333329999999,0.7333333329999999,0.7333333329999999,0.7333333329999999,0.8,0.8666666670000001,0.933333333
0.622,0.622222222,0.6226666670000001,0.627,0.633555556,0.635777778,0.639777778,0.64,0.642888889,0.642444444,0.639888889,0.640333333,0.647111111,0.6537777779999999,0.657444444,0.659111111,0.660444444,0.6637777779999999,0.665111111,0.665888889,0.669888889,0.671222222,0.671666667,0.674555556,0.6787777779999999,0.6808888890000001,0.681444444,0.678555556,0.675111111,0.672666667
0.675444444,0.6758888890000001,0.677333333,0.684222222,0.693555556,0.6941111109999999,0.699777778,0.695888889,0.697333333,0.6952222220000001,0.691555556,0.6941111109999999,0.7044444440000001,0.709666667,0.711777778,0.712888889,0.714333333,0.72,0.7201111109999999,0.719555556,0.727555556,0.728222222,0.7283333329999999,0.7345555559999999,0.7395555559999999,0.741,0.7411111109999999,0.736666667,0.731555556,0.7264444440000001
0.579444444,0.579444444,0.578777778,0.5812222220000001,0.585555556,0.588555556,0.591444444,0.5962222220000001,0.599111111,0.599777778,0.598666667,0.598111111,0.6022222220000001,0.608666667,0.613777778,0.6158888889999999,0.616444444,0.619,0.621222222,0.623222222,0.624555556,0.626111111,0.626444444,0.628222222,0.6313333329999999,0.633555556,0.634777778,0.634777778,0.6336666670000001,0.633777778
0.800125,0.81575,0.8160625,0.8105625,0.80525,0.808625,0.81225,0.8120625,0.8259375,0.824125,0.8264375,0.8286875,0.8165,0.793625,0.7770625,0.7666875,0.773,0.767625,0.7660625,0.7671875,0.7675625,0.7686875,0.769375,0.766875,0.758,0.757,0.75075,0.747625,0.76025,0.7795
0.103020833,0.111875,0.11125,0.105833333,0.10489583300000001,0.10604166699999999,0.1084375,0.11208333300000001,0.11989583300000001,0.086145833,0.08791666699999999,0.088125,0.088125,0.064166667,0.064166667,0.064166667,0.064479167,0.05625,0.055208333,0.0578125,0.0921875,0.146145833,0.159375,0.154895833,0.146979167,0.1590625,0.1478125,0.147708333,0.156354167,0.1584375
0.6875,0.75,0.75,0.75,0.75,0.75,0.75,0.75,0.75,0.75,0.75,0.8125,0.75,0.6875,0.6875,0.6875,0.75,0.75,0.75,0.75,0.75,0.75,0.75,0.75,0.75,0.75,0.75,0.75,0.8125,0.875
0.6238541670000001,0.622604167,0.622291667,0.6239583329999999,0.628645833,0.6316666670000001,0.635416667,0.640729167,0.640208333,0.642708333,0.6416666670000001,0.6416666670000001,0.645833333,0.651979167,0.6572916670000001,0.6602083329999999,0.658645833,0.66125,0.66375,0.6651041670000001,0.6657291670000001,0.668645833,0.670625,0.672604167,0.6763541670000001,0.677708333,0.680625,0.681666667,0.678229167,0.675
0.6796875,0.6752083329999999,0.674895833,0.679583333,0.686666667,0.688854167,0.693020833,0.698958333,0.6936458329999999,0.6964583329999999,0.69375,0.6942708329999999,0.701875,0.710104167,0.7148958329999999,0.716458333,0.711666667,0.71625,0.7196875,0.7197916670000001,0.720729167,0.725,0.725729167,0.7298958329999999,0.7360416670000001,0.736666667,0.740729167,0.741770833,0.7355208329999999,0.730625
0.5790625,0.580625,0.5803125,0.5798958329999999,0.5828125,0.5853125,0.589166667,0.593541667,0.5978125,0.5997916670000001,0.6,0.6,0.601770833,0.6059375,0.610833333,0.614270833,0.6153125,0.617395833,0.6196875,0.6221875,0.621875,0.624375,0.626354167,0.6278125,0.63,0.6316666670000001,0.6338541670000001,0.6361458329999999,0.635416667,0.634375
0.7839411759999999,0.8029999999999999,0.8172352940000001,0.8171764709999999,0.8101764709999999,0.8109999999999999,0.812764706,0.8148235290000001,0.8169411759999999,0.829941176,0.8292352940000001,0.8263529409999999,0.816882353,0.801117647,0.776529412,0.759588235,0.763352941,0.772411765,0.770470588,0.771176471,0.769705882,0.776588235,0.7758235290000001,0.7721176470000001,0.766058824,0.765058824,0.760176471,0.752176471,0.752470588,0.766294118
0.09696078400000001,0.105294118,0.10784313699999999,0.107647059,0.100784314,0.107058824,0.10990196099999999,0.10774509800000001,0.11294117599999999,0.115784314,0.091764706,0.08294117599999999,0.08294117599999999,0.08294117599999999,0.060392157,0.060392157,0.060686275,0.06127451,0.054509804,0.057352941,0.087941176,0.14588235300000002,0.160098039,0.15147058800000002,0.145784314,0.152647059,0.149803922,0.139215686,0.147156863,0.149117647
0.647058824,0.705882353,0.764705882,0.764705882,0.764705882,0.764705882,0.764705882,0.764705882,0.764705882,0.764705882,0.764705882,0.764705882,0.764705882,0.705882353,0.647058824,0.647058824,0.705882353,0.764705882,0.764705882,0.764705882,0.764705882,0.764705882,0.764705882,0.764705882,0.764705882,0.764705882,0.764705882,0.764705882,0.764705882,0.8235294120000001
0.627941176,0.624313725,0.622647059,0.623529412,0.625686275,0.627156863,0.631568627,0.636568627,0.640882353,0.640196078,0.641960784,0.643235294,0.646764706,0.650490196,0.655392157,0.659901961,0.659705882,0.659509804,0.661372549,0.663823529,0.665,0.664803922,0.668235294,0.6715686270000001,0.674411765,0.6754901959999999,0.6776470590000001,0.680882353,0.6811764709999999,0.6779411759999999
0.6857843140000001,0.6792156859999999,0.674313725,0.677156863,0.682156863,0.6826470590000001,0.688137255,0.692647059,0.696666667,0.693039216,0.695,0.6961764709999999,0.701568627,0.7073529409999999,0.715,0.719117647,0.715098039,0.7136274509999999,0.7161764709999999,0.719411765,0.7208823529999999,0.71872549,0.722843137,0.7273529409999999,0.731568627,0.733529412,0.736666667,0.741372549,0.740392157,0.734411765
0.581960784,0.580196078,0.581372549,0.58127451,0.581470588,0.582745098,0.586078431,0.59127451,0.595196078,0.598529412,0.6,0.601176471,0.6033333329999999,0.605294118,0.608137255,0.611470588,0.613823529,0.61627451,0.618137255,0.620686275,0.620980392,0.621862745,0.624705882,0.627647059,0.629509804,0.6303921570000001,0.632058824,0.635196078,0.6366666670000001,0.635980392
0.768388889,0.7875555559999999,0.805111111,0.818222222,0.816444444,0.815333333,0.814777778,0.8151666670000001,0.819277778,0.8212222220000001,0.8344444440000001,0.8290000000000001,0.815333333,0.802333333,0.7845555559999999,0.760055556,0.756833333,0.763333333,0.774833333,0.775055556,0.773333333,0.778111111,0.7828888890000001,0.778055556,0.771055556,0.772277778,0.7676111109999999,0.7609999999999999,0.7565,0.7586111109999999
0.091574074,0.099444444,0.10185185199999999,0.10462963,0.10277777800000001,0.10305555599999999,0.110648148,0.109166667,0.108796296,0.109444444,0.119444444,0.086851852,0.078333333,0.078333333,0.078333333,0.057037037,0.057314815,0.05787037,0.059351852000000004,0.056574074,0.08583333300000001,0.13888888900000002,0.159074074,0.152592593,0.143055556,0.151203704,0.144259259,0.141574074,0.139166667,0.140833333
0.611111111,0.666666667,0.7222222220000001,0.7777777779999999,0.7777777779999999,0.7777777779999999,0.7777777779999999,0.7777777779999999,0.7777777779999999,0.7777777779999999,0.7777777779999999,0.7777777779999999,0.7222222220000001,0.7222222220000001,0.666666667,0.611111111,0.666666667,0.7222222220000001,0.7777777779999999,0.7777777779999999,0.7777777779999999,0.7777777779999999,0.7777777779999999,0.7777777779999999,0.7777777779999999,0.7777777779999999,0.7777777779999999,0.7777777779999999,0.7777777779999999,0.7777777779999999
0.631574074,0.628148148,0.624259259,0.623796296,0.625185185,0.624444444,0.627314815,0.63287037,0.6369444439999999,0.640833333,0.63962963,0.643425926,0.647962963,0.651111111,0.653796296,0.657962963,0.659444444,0.660462963,0.6597222220000001,0.661574074,0.663796296,0.664166667,0.66462963,0.6692592589999999,0.673333333,0.673703704,0.675555556,0.6780555559999999,0.680462963,0.6807407409999999
0.6920370370000001,0.685,0.678148148,0.6764814809999999,0.679722222,0.6786111109999999,0.682314815,0.6880555559999999,0.6908333329999999,0.6959259259999999,0.691851852,0.6972222220000001,0.7029629629999999,0.706759259,0.71212963,0.7189814809999999,0.717685185,0.716759259,0.713703704,0.7161111109999999,0.720462963,0.7189814809999999,0.717037037,0.724537037,0.729074074,0.7294444440000001,0.7337037040000001,0.7375,0.740092593,0.739074074
0.582685185,0.58287037,0.580925926,0.5822222220000001,0.582685185,0.581481481,0.583611111,0.588240741,0.592962963,0.596018519,0.5987962960000001,0.601111111,0.604259259,0.606574074,0.6074074070000001,0.6088888889999999,0.611203704,0.614814815,0.617037037,0.619166667,0.61962963,0.6210185189999999,0.622314815,0.6260185189999999,0.629259259,0.629907407,0.630833333,0.633425926,0.635740741,0.63712963
0.7555789470000001,0.772631579,0.7903684209999999,0.806684211,0.8174736840000001,0.821,0.818684211,0.816947368,0.819368421,0.8232105259999999,0.825947368,0.833947368,0.818421053,0.801631579,0.7865789470000001,0.768526316,0.757421053,0.757157895,0.7661052629999999,0.778947368,0.776894737,0.7811052629999999,0.784,0.784631579,0.776736842,0.776684211,0.7743157890000001,0.768,0.764631579,0.7621052629999999
0.086754386,0.094210526,0.09649122800000001,0.099122807,0.100175439,0.104824561,0.10666666699999999,0.109912281,0.110087719,0.10570175400000001,0.11324561400000001,0.11333333300000001,0.082280702,0.074210526,0.074210526,0.074210526,0.054298245999999994,0.054824560999999994,0.05622807,0.061052632,0.083596491,0.134210526,0.151754386,0.152017544,0.144561404,0.148333333,0.143333333,0.136754386,0.141403509,0.13359649099999998
0.578947368,0.6315789470000001,0.684210526,0.736842105,0.7894736840000001,0.7894736840000001,0.7894736840000001,0.7894736840000001,0.7894736840000001,0.7894736840000001,0.7894736840000001,0.7894736840000001,0.736842105,0.684210526,0.684210526,0.6315789470000001,0.6315789470000001,0.684210526,0.736842105,0.7894736840000001,0.7894736840000001,0.7894736840000001,0.7894736840000001,0.7894736840000001,0.7894736840000001,0.7894736840000001,0.7894736840000001,0.7894736840000001,0.7894736840000001,0.7894736840000001
0.632982456,0.6315789470000001,0.627894737,0.625263158,0.625350877,0.624035088,0.624736842,0.62877193,0.633421053,0.6371052629999999,0.640263158,0.641140351,0.647894737,0.652017544,0.6542105260000001,0.656315789,0.657631579,0.660175439,0.660614035,0.66,0.661666667,0.663070175,0.664035088,0.665789474,0.671052632,0.672719298,0.6738596490000001,0.676052632,0.677807018,0.6800877190000001
0.6941228070000001,0.690964912,0.683684211,0.68,0.678947368,0.6764912279999999,0.678508772,0.68254386,0.686578947,0.6904385959999999,0.6946491229999999,0.6941228070000001,0.703596491,0.707807018,0.711315789,0.716052632,0.7176315790000001,0.719122807,0.716666667,0.71377193,0.717280702,0.7186842109999999,0.717368421,0.7189473679999999,0.726315789,0.727192982,0.7298245609999999,0.734649123,0.736491228,0.738859649
0.583421053,0.5835087720000001,0.583421053,0.5817543860000001,0.5835087720000001,0.582631579,0.582368421,0.585789474,0.59,0.593859649,0.5964035089999999,0.599912281,0.6040350879999999,0.6072807020000001,0.608508772,0.608157895,0.60877193,0.6122807020000001,0.615614035,0.618070175,0.618245614,0.619736842,0.621491228,0.623684211,0.627631579,0.629649123,0.630350877,0.6321929820000001,0.634035088,0.63622807
0.7393,0.76025,0.77605,0.7926,0.80655,0.82175,0.8239,0.82055,0.82085,0.8231,0.8276,0.8259,0.82365,0.80525,0.7867,0.77125,0.7656,0.7577,0.7601,0.77045,0.7805,0.7841,0.78655,0.7856,0.78305,0.7818,0.7784,0.77435,0.7711,0.76955
0.082416667,0.0895,0.091666667,0.094166667,0.095166667,0.10225,0.108166667,0.10616666699999999,0.11075,0.107083333,0.1095,0.10775,0.107666667,0.078166667,0.0705,0.0705,0.07075,0.052083332999999996,0.053416667,0.057999999999999996,0.0865,0.12966666699999999,0.146666667,0.145416667,0.144416667,0.1495,0.141,0.13625,0.136833333,0.136
0.6,0.6,0.65,0.7,0.75,0.8,0.8,0.8,0.8,0.8,0.8,0.8,0.75,0.7,0.65,0.65,0.65,0.65,0.7,0.75,0.8,0.8,0.8,0.8,0.8,0.8,0.8,0.8,0.8,0.8
0.6345833329999999,0.632916667,0.631166667,0.6286666670000001,0.6266666670000001,0.62425,0.6243333329999999,0.62625,0.6295,0.63375,0.63675,0.6416666670000001,0.6455,0.65175,0.6549166670000001,0.6565833329999999,0.656083333,0.658416667,0.660333333,0.660833333,0.660166667,0.661083333,0.6629999999999999,0.665166667,0.667666667,0.670583333,0.6729166670000001,0.674416667,0.6759166670000001,0.677583333
0.698,0.693,0.689416667,0.6851666670000001,0.6821666670000001,0.6759166670000001,0.6765,0.6789166670000001,0.681416667,0.686416667,0.6895,0.696666667,0.700333333,0.7081666670000001,0.7120833329999999,0.7150833329999999,0.714916667,0.7190000000000001,0.718916667,0.716583333,0.715,0.71575,0.717166667,0.719166667,0.720916667,0.724666667,0.727666667,0.730916667,0.733833333,0.7355
0.5851666670000001,0.5841666670000001,0.584,0.5840833329999999,0.583,0.583416667,0.583416667,0.5845,0.587583333,0.591,0.594333333,0.597583333,0.60275,0.606916667,0.609083333,0.609166667,0.608083333,0.609916667,0.613166667,0.6166666670000001,0.61725,0.618416667,0.62025,0.622833333,0.6253333329999999,0.628083333,0.630083333,0.6316666670000001,0.632833333,0.6345833329999999
0.724714286,0.74452381,0.764095238,0.778857143,0.793142857,0.811142857,0.82447619,0.8254285709999999,0.824095238,0.824333333,0.8272857140000001,0.82747619,0.81647619,0.810857143,0.790857143,0.772095238,0.768333333,0.76547619,0.76047619,0.76452381,0.772333333,0.7871904759999999,0.789142857,0.787952381,0.7840476190000001,0.7875714290000001,0.7831904759999999,0.778238095,0.777,0.77547619
0.078492063,0.085238095,0.08730158699999999,0.08968254,0.090634921,0.09738095199999999,0.105555556,0.10761904800000001,0.107142857,0.107857143,0.110634921,0.104444444,0.102619048,0.102539683,0.074444444,0.067142857,0.06738095200000001,0.067857143,0.05087301599999999,0.055238095,0.08238095200000001,0.130238095,0.141746032,0.140873016,0.138492063,0.149126984,0.142460317,0.134365079,0.136349206,0.13190476199999998
0.571428571,0.6190476189999999,0.6190476189999999,0.666666667,0.7142857140000001,0.761904762,0.80952381,0.80952381,0.80952381,0.80952381,0.80952381,0.80952381,0.761904762,0.7142857140000001,0.666666667,0.6190476189999999,0.666666667,0.666666667,0.666666667,0.7142857140000001,0.761904762,0.80952381,0.80952381,0.80952381,0.80952381,0.80952381,0.80952381,0.80952381,0.80952381,0.80952381
0.6373015870000001,0.634444444,0.632460317,0.631746032,0.62984127,0.625555556,0.62452381,0.6257936510000001,0.627063492,0.63,0.633571429,0.638253968,0.645793651,0.649285714,0.65452381,0.6571428570000001,0.656349206,0.656904762,0.658650794,0.660555556,0.660952381,0.65968254,0.661111111,0.664126984,0.666984127,0.667380952,0.670873016,0.673492063,0.6743650790000001,0.675793651
0.7020634920000001,0.6967460320000001,0.691428571,0.690555556,0.686984127,0.679126984,0.675952381,0.676984127,0.678015873,0.681507937,0.685714286,0.691666667,0.702460317,0.70484127,0.7122222220000001,0.7156349209999999,0.714047619,0.716349206,0.7188095240000001,0.718730159,0.717619048,0.7136507940000001,0.7144444440000001,0.718888889,0.721031746,0.719603175,0.725238095,0.7288095240000001,0.73031746,0.7330158729999999
0.58531746,0.585793651,0.584603175,0.584603175,0.58515873,0.582936508,0.584126984,0.585396825,0.586269841,0.588650794,0.591587302,0.595555556,0.600396825,0.605555556,0.608650794,0.60968254,0.609047619,0.609206349,0.610873016,0.614285714,0.615952381,0.617460317,0.618968254,0.621587302,0.624444444,0.625873016,0.628571429,0.631349206,0.632301587,0.633412698
0.7148636359999999,0.730363636,0.7489090909999999,0.767318182,0.78,0.7981363640000001,0.814227273,0.825909091,0.8285909090000001,0.827272727,0.828272727,0.827181818,0.8184090909999999,0.8045909090000001,0.796863636,0.776727273,0.769272727,0.7680909090000001,0.767772727,0.764681818,0.766590909,0.7790909090000001,0.791863636,0.7903636359999999,0.7863636359999999,0.788318182,0.788636364,0.7828181820000001,0.780590909,0.7809090909999999
0.07507575799999999,0.081363636,0.083333333,0.085606061,0.086515152,0.092954545,0.100757576,0.105151515,0.10848484800000001,0.104545455,0.111212121,0.10575757599999999,0.09969697,0.097954545,0.09787878800000001,0.071060606,0.064318182,0.064772727,0.065984848,0.052727273,0.078636364,0.124318182,0.141742424,0.136439394,0.134469697,0.143257576,0.14242424199999998,0.136060606,0.134545455,0.131666667
0.590909091,0.590909091,0.636363636,0.636363636,0.681818182,0.727272727,0.772727273,0.818181818,0.818181818,0.818181818,0.818181818,0.818181818,0.772727273,0.727272727,0.681818182,0.636363636,0.636363636,0.681818182,0.681818182,0.681818182,0.727272727,0.772727273,0.818181818,0.818181818,0.818181818,0.818181818,0.818181818,0.818181818,0.818181818,0.818181818
0.638787879,0.637045455,0.633939394,0.632954545,0.632727273,0.628636364,0.625757576,0.625909091,0.626590909,0.627651515,0.63,0.635151515,0.642348485,0.649393939,0.652045455,0.656666667,0.656893939,0.6571212120000001,0.65719697,0.658939394,0.6606818179999999,0.660454545,0.659772727,0.6622727270000001,0.6659090910000001,0.666742424,0.66780303,0.671515152,0.673484848,0.674318182
0.705681818,0.700681818,0.695075758,0.6924242420000001,0.692045455,0.6838636359999999,0.6790151520000001,0.6764393940000001,0.6762121209999999,0.6782575759999999,0.681060606,0.687954545,0.6974242420000001,0.706666667,0.7088636359999999,0.7156060609999999,0.7146212120000001,0.715454545,0.716287879,0.7186363640000001,0.7196212120000001,0.716212121,0.7125,0.716212121,0.720681818,0.7197727270000001,0.720378788,0.726439394,0.7283333329999999,0.72969697
0.584545455,0.585909091,0.586136364,0.585151515,0.585606061,0.585,0.583636364,0.585984848,0.587045455,0.587348485,0.5893181820000001,0.5928787879999999,0.598333333,0.6031818179999999,0.607272727,0.609242424,0.609545455,0.610075758,0.610151515,0.612045455,0.613712121,0.616212121,0.618030303,0.62030303,0.6231818179999999,0.625,0.626439394,0.629848485,0.631969697,0.632878788
0.708826087,0.7206956520000001,0.735173913,0.7526521740000001,0.768913043,0.785347826,0.8016521740000001,0.816043478,0.828913043,0.831434783,0.830913043,0.828130435,0.818521739,0.806956522,0.791478261,0.7830869570000001,0.773826087,0.769,0.7701739129999999,0.7714782609999999,0.7666521740000001,0.7733043479999999,0.783913043,0.792913043,0.78873913,0.790347826,0.7893043479999999,0.788043478,0.784869565,0.784173913
0.071811594,0.077971014,0.079710145,0.081884058,0.082753623,0.08891304300000001,0.09637681199999999,0.10057971,0.106086957,0.10594202900000001,0.107898551,0.106521739,0.10115942,0.095362319,0.09369565199999999,0.09362318800000001,0.068188406,0.061956522,0.06311594200000001,0.06710144900000001,0.075217391,0.11891304300000001,0.13557971,0.136666667,0.130507246,0.139202899,0.13710144900000001,0.13630434800000002,0.13615942,0.13014492800000002
0.565217391,0.608695652,0.608695652,0.6521739129999999,0.6521739129999999,0.695652174,0.739130435,0.7826086959999999,0.826086957,0.826086957,0.826086957,0.826086957,0.7826086959999999,0.739130435,0.695652174,0.6521739129999999,0.6521739129999999,0.6521739129999999,0.695652174,0.695652174,0.695652174,0.739130435,0.7826086959999999,0.826086957,0.826086957,0.826086957,0.826086957,0.826086957,0.826086957,0.826086957
0.638405797,0.638478261,0.636449275,0.6343478260000001,0.63384058,0.631449275,0.628695652,0.627028986,0.6266666670000001,0.6271739129999999,0.6277536229999999,0.6316666670000001,0.6392028989999999,0.645942029,0.652028986,0.654202899,0.656449275,0.657608696,0.657391304,0.657536232,0.659130435,0.660217391,0.660507246,0.660942029,0.664057971,0.6657246379999999,0.667173913,0.668550725,0.671594203,0.673478261
0.707246377,0.7042028990000001,0.698913043,0.695869565,0.693768116,0.68884058,0.683550725,0.679347826,0.6757246379999999,0.676521739,0.677971014,0.683405797,0.693623188,0.701666667,0.710434783,0.712246377,0.7146376809999999,0.715942029,0.715434783,0.716231884,0.719492754,0.7181884059999999,0.715,0.7142753620000001,0.718043478,0.719492754,0.7205072459999999,0.72173913,0.726086957,0.7278260870000001
0.582173913,0.585144928,0.586231884,0.586594203,0.586086957,0.585434783,0.58557971,0.585434783,0.587536232,0.588043478,0.588043478,0.590652174,0.595652174,0.601086957,0.604927536,0.607898551,0.609130435,0.6105072460000001,0.6109420289999999,0.611304348,0.611594203,0.614057971,0.616811594,0.619347826,0.621884058,0.623768116,0.62557971,0.6277536229999999,0.630507246,0.632536232
0.708416667,0.714666667,0.7257083329999999,0.7393333329999999,0.754791667,0.7745,0.78925,0.8039166670000001,0.819333333,0.831625,0.83475,0.830666667,0.8197916670000001,0.8075416670000001,0.794291667,0.7785,0.780041667,0.773375,0.7709583329999999,0.773625,0.773083333,0.773083333,0.778166667,0.78525,0.79125,0.792458333,0.7912083329999999,0.788708333,0.789791667,0.788125
0.06888888900000001,0.074722222,0.076527778,0.07847222200000001,0.079305556,0.08520833300000001,0.092361111,0.096388889,0.10166666699999999,0.10375,0.109097222,0.10354166699999999,0.10208333300000001,0.096944444,0.091388889,0.08979166699999999,0.089930556,0.065763889,0.060486110999999995,0.064305556,0.088055556,0.11395833300000001,0.129930556,0.130972222,0.130972222,0.135208333,0.133472222,0.131458333,0.136388889,0.131875
0.583333333,0.583333333,0.625,0.625,0.666666667,0.666666667,0.708333333,0.75,0.791666667,0.833333333,0.833333333,0.833333333,0.791666667,0.75,0.708333333,0.666666667,0.666666667,0.666666667,0.666666667,0.708333333,0.708333333,0.708333333,0.75,0.791666667,0.833333333,0.833333333,0.833333333,0.833333333,0.833333333,0.833333333
0.636805556,0.638125,0.637847222,0.636736111,0.635138889,0.632569444,0.631388889,0.629791667,0.627708333,0.627222222,0.627291667,0.629444444,0.635694444,0.642777778,0.648611111,0.654097222,0.654097222,0.6571527779999999,0.657847222,0.657708333,0.6577777779999999,0.65875,0.660277778,0.661597222,0.662708333,0.663958333,0.666180556,0.6679166670000001,0.66875,0.671666667
0.706875,0.7057638890000001,0.702361111,0.6995138890000001,0.697013889,0.690625,0.688333333,0.683680556,0.6785416670000001,0.676041667,0.6763194440000001,0.6803472220000001,0.6890277779999999,0.697847222,0.7054861109999999,0.713611111,0.7114583329999999,0.715902778,0.715902778,0.7154166670000001,0.717152778,0.718125,0.716944444,0.716597222,0.7161111109999999,0.7170138890000001,0.720208333,0.721805556,0.721597222,0.725694444
0.579861111,0.582847222,0.585486111,0.586666667,0.587430556,0.585902778,0.585972222,0.5872222220000001,0.586944444,0.588472222,0.588680556,0.589375,0.593402778,0.598402778,0.6028472220000001,0.605625,0.6078472220000001,0.610069444,0.6113194439999999,0.612013889,0.6109027779999999,0.612013889,0.614722222,0.618125,0.6209027779999999,0.6225,0.624375,0.626875,0.6284722220000001,0.6311111110000001
0.6998800000000001,0.71404,0.71972,0.7300800000000001,0.74192,0.76072,0.77868,0.79192,0.8075600000000001,0.82232,0.8348,0.83436,0.8225600000000001,0.8092,0.7953600000000001,0.78172,0.77576,0.77936,0.77508,0.7742399999999999,0.77508,0.779,0.77776,0.77968,0.78396,0.79472,0.7932,0.79056,0.7903600000000001,0.79272
0.066133333,0.0718,0.073466667,0.075466667,0.076133333,0.0818,0.08866666699999999,0.09253333300000001,0.0976,0.0996,0.106866667,0.104866667,0.0994,0.098,0.09306666699999999,0.08773333300000001,0.0864,0.08673333300000001,0.0642,0.061733333,0.084533333,0.124733333,0.124733333,0.125733333,0.125733333,0.13546666699999999,0.129866667,0.1282,0.131733333,0.132266667
0.6,0.6,0.6,0.64,0.64,0.68,0.68,0.72,0.76,0.8,0.84,0.84,0.8,0.76,0.72,0.68,0.68,0.68,0.68,0.68,0.72,0.72,0.72,0.76,0.8,0.84,0.84,0.84,0.84,0.84
0.636933333,0.6366,0.6375333329999999,0.638066667,0.6374,0.633866667,0.632466667,0.6323333329999999,0.6303333329999999,0.6282,0.6273333329999999,0.628933333,0.6334,0.639266667,0.645466667,0.650733333,0.654,0.6548666670000001,0.6574,0.658133333,0.657933333,0.657466667,0.6588666670000001,0.661333333,0.663266667,0.662666667,0.664466667,0.666933333,0.668133333,0.668933333
0.708733333,0.705466667,0.7039333329999999,0.7028,0.700466667,0.693866667,0.6900666670000001,0.688266667,0.6827333329999999,0.6787333329999999,0.675866667,0.678666667,0.685866667,0.6932666670000001,0.701666667,0.708733333,0.7128,0.7128,0.715866667,0.715866667,0.716333333,0.715933333,0.716933333,0.7184,0.7182666670000001,0.7152,0.7178,0.7214666670000001,0.721666667,0.7214
0.579333333,0.5806,0.5832666670000001,0.585933333,0.587466667,0.5872,0.5864,0.587533333,0.5886,0.587866667,0.589066667,0.589933333,0.592066667,0.5961333329999999,0.6002,0.6036,0.605666667,0.6088,0.610866667,0.6123333329999999,0.6116,0.6113333329999999,0.612733333,0.616066667,0.6196666670000001,0.621533333,0.623133333,0.6256666670000001,0.6276,0.629133333
0.690576923,0.705615385,0.718923077,0.724153846,0.732923077,0.748115385,0.765269231,0.781653846,0.795884615,0.810884615,0.8257307690000001,0.8344230770000001,0.8264230770000001,0.8122692309999999,0.797423077,0.7832307690000001,0.778961538,0.7752692309999999,0.780769231,0.778076923,0.775615385,0.780692308,0.7832692309999999,0.7792307690000001,0.778653846,0.7875769229999999,0.7953461540000001,0.7925,0.792076923,0.7931538459999999
0.063589744,0.06903846200000001,0.07070512799999999,0.072564103,0.073333333,0.078653846,0.08525641,0.088974359,0.093846154,0.095769231,0.10275641,0.102884615,0.10083333300000001,0.09557692300000001,0.094230769,0.089487179,0.08455128199999999,0.083461538,0.084423077,0.06525641,0.081282051,0.11993589699999999,0.134679487,0.120897436,0.120897436,0.13025641,0.130320513,0.12493589699999999,0.128589744,0.12794871800000002
0.615384615,0.615384615,0.615384615,0.615384615,0.653846154,0.653846154,0.692307692,0.692307692,0.7307692309999999,0.7692307690000001,0.807692308,0.846153846,0.807692308,0.7692307690000001,0.7307692309999999,0.692307692,0.692307692,0.692307692,0.692307692,0.692307692,0.692307692,0.7307692309999999,0.7307692309999999,0.7307692309999999,0.7692307690000001,0.807692308,0.846153846,0.846153846,0.846153846,0.846153846
0.637435897,0.636730769,0.636089744,0.63775641,0.638653846,0.636089744,0.633717949,0.6333333329999999,0.63275641,0.630705128,0.628269231,0.6289102560000001,0.63275641,0.6369230770000001,0.641987179,0.647628205,0.6507692310000001,0.65474359,0.655192308,0.657692308,0.658333333,0.657628205,0.657628205,0.659935897,0.662948718,0.663205128,0.663205128,0.66525641,0.6671794870000001,0.668333333
0.709807692,0.707307692,0.7037179490000001,0.7042948720000001,0.7035897440000001,0.697307692,0.693205128,0.689935897,0.687179487,0.68275641,0.678461538,0.6781410259999999,0.6840384620000001,0.690064103,0.697115385,0.704935897,0.708141026,0.714038462,0.712884615,0.715833333,0.7167307690000001,0.715192308,0.714871795,0.718333333,0.719935897,0.717307692,0.716025641,0.719102564,0.721346154,0.721474359
0.579871795,0.580064103,0.581089744,0.583782051,0.586730769,0.58724359,0.587628205,0.587884615,0.588846154,0.5894230770000001,0.588461538,0.59025641,0.5925,0.59474359,0.5979487179999999,0.601025641,0.603717949,0.606666667,0.609615385,0.611858974,0.611923077,0.611987179,0.612051282,0.614102564,0.617628205,0.620320513,0.622179487,0.624423077,0.626410256,0.628269231
0.691444444,0.696444444,0.71062963,0.7232222220000001,0.7271111109999999,0.739222222,0.752962963,0.76862963,0.7858518520000001,0.799518519,0.814592593,0.825703704,0.826777778,0.81637037,0.800814815,0.785666667,0.780518519,0.77837037,0.7767777779999999,0.783444444,0.779259259,0.7809999999999999,0.7847407409999999,0.7844814809999999,0.778259259,0.782333333,0.788444444,0.794592593,0.7938888890000001,0.794703704
0.061234567999999996,0.066481481,0.06808642,0.069938272,0.070617284,0.075864198,0.082098765,0.085679012,0.09037037,0.09222222199999999,0.09895061699999999,0.099074074,0.099074074,0.097098765,0.09203703699999999,0.090740741,0.086358025,0.08179012299999999,0.081358025,0.08469135800000001,0.08395061699999999,0.115493827,0.129691358,0.130617284,0.116419753,0.125432099,0.125493827,0.12555555599999998,0.125432099,0.125061728
0.62962963,0.62962963,0.62962963,0.62962963,0.62962963,0.666666667,0.666666667,0.703703704,0.703703704,0.740740741,0.7777777779999999,0.814814815,0.814814815,0.7777777779999999,0.740740741,0.703703704,0.703703704,0.703703704,0.703703704,0.703703704,0.703703704,0.703703704,0.740740741,0.740740741,0.740740741,0.7777777779999999,0.814814815,0.851851852,0.851851852,0.851851852
0.636296296,0.637222222,0.636234568,0.636358025,0.638333333,0.6373456789999999,0.6358641979999999,0.634506173,0.633703704,0.633024691,0.630679012,0.629753086,0.6325925929999999,0.63617284,0.63962963,0.644197531,0.6477777779999999,0.651604938,0.655061728,0.655555556,0.657901235,0.658024691,0.6577777779999999,0.658703704,0.66154321,0.662901235,0.663703704,0.664012346,0.665555556,0.667407407
0.707777778,0.708395062,0.705555556,0.7040740740000001,0.705,0.700432099,0.69654321,0.6929629629999999,0.68882716,0.6870370370000001,0.6823456790000001,0.680555556,0.683333333,0.688148148,0.693888889,0.700432099,0.704506173,0.709506173,0.7140740740000001,0.712962963,0.716666667,0.715617284,0.7141975309999999,0.7162962959999999,0.719814815,0.7189506170000001,0.718024691,0.717345679,0.719074074,0.72117284
0.578641975,0.580555556,0.580555556,0.581666667,0.58462963,0.58654321,0.587654321,0.589012346,0.589135802,0.58962963,0.589938272,0.58962963,0.592716049,0.595061728,0.59654321,0.59882716,0.601234568,0.604753086,0.607530864,0.610617284,0.611481481,0.612283951,0.6126543210000001,0.613395062,0.6156790120000001,0.6183333329999999,0.620987654,0.62345679,0.625185185,0.627098765
0.6940714290000001,0.6970714290000001,0.7016071429999999,0.7150714290000001,0.726107143,0.733392857,0.744214286,0.756642857,0.7731428570000001,0.7897142859999999,0.8035,0.8149642859999999,0.8186428570000001,0.8170714290000001,0.8051785709999999,0.7893571429999999,0.7829642859999999,0.779892857,0.7797142859999999,0.7795,0.784392857,0.784321429,0.784892857,0.785857143,0.7833571429999999,0.7818214290000001,0.7833571429999999,0.7879642859999999,0.795857143,0.7963571429999999
0.059047619,0.06410714299999999,0.065654762,0.067440476,0.06815476200000001,0.073154762,0.07928571400000001,0.082619048,0.08714285699999999,0.088928571,0.095416667,0.09553571400000001,0.09553571400000001,0.09553571400000001,0.09363095199999999,0.08875,0.087678571,0.08363095200000001,0.079821429,0.08172619,0.10202381,0.116845238,0.125059524,0.125952381,0.125952381,0.120952381,0.121011905,0.12107142900000001,0.126011905,0.122142857
0.642857143,0.642857143,0.642857143,0.642857143,0.642857143,0.642857143,0.6785714290000001,0.6785714290000001,0.7142857140000001,0.7142857140000001,0.75,0.7857142859999999,0.7857142859999999,0.7857142859999999,0.75,0.7142857140000001,0.7142857140000001,0.7142857140000001,0.7142857140000001,0.7142857140000001,0.7142857140000001,0.7142857140000001,0.7142857140000001,0.75,0.75,0.75,0.7857142859999999,0.8214285709999999,0.857142857,0.857142857
0.634047619,0.636130952,0.63672619,0.636488095,0.636964286,0.637083333,0.637083333,0.636547619,0.6348214289999999,0.633928571,0.632916667,0.63202381,0.63327381,0.635892857,0.638809524,0.6418452379999999,0.644464286,0.648690476,0.65202381,0.655416667,0.655833333,0.6576190479999999,0.658154762,0.658809524,0.660297619,0.661547619,0.6633928570000001,0.664464286,0.664345238,0.6658333329999999
0.70452381,0.706488095,0.706666667,0.705833333,0.704761905,0.7019047620000001,0.699583333,0.696190476,0.6917857140000001,0.688630952,0.686488095,0.68422619,0.68547619,0.687321429,0.6919047620000001,0.697202381,0.7001785709999999,0.7059523809999999,0.7097023809999999,0.714107143,0.713869048,0.715595238,0.7146428570000001,0.715595238,0.717797619,0.718869048,0.719583333,0.71922619,0.7173809520000001,0.718988095
0.5773214289999999,0.5793452379999999,0.581011905,0.581130952,0.582559524,0.58452381,0.5869642860000001,0.588988095,0.590178571,0.589880952,0.5901190479999999,0.591011905,0.59202381,0.595178571,0.596785714,0.597440476,0.599107143,0.602321429,0.605654762,0.6085714289999999,0.610297619,0.611845238,0.612916667,0.613928571,0.614940476,0.616428571,0.6190476189999999,0.622261905,0.62422619,0.6258928570000001
0.68937931,0.699413793,0.7020344829999999,0.7062068970000001,0.7181379309999999,0.7322068970000001,0.738413793,0.748068966,0.761413793,0.777310345,0.793896552,0.804241379,0.8085172409999999,0.8095517240000001,0.806241379,0.7939655170000001,0.78662069,0.782275862,0.781137931,0.782241379,0.7805517240000001,0.789103448,0.7879655170000001,0.7859655170000001,0.784724138,0.78662069,0.7828275859999999,0.783068966,0.7894137929999999,0.798172414
0.057183908,0.061896552,0.063390805,0.065114943,0.06580459799999999,0.070689655,0.076551724,0.079885057,0.084137931,0.085862069,0.09212643699999999,0.092241379,0.092241379,0.092241379,0.092241379,0.090402299,0.085862069,0.085,0.081666667,0.080229885,0.09856321800000001,0.13316092,0.126034483,0.121609195,0.121609195,0.13,0.11683908,0.11689655199999999,0.12166666699999999,0.12281609199999999
0.655172414,0.655172414,0.655172414,0.655172414,0.655172414,0.655172414,0.655172414,0.689655172,0.689655172,0.7241379309999999,0.7241379309999999,0.75862069,0.75862069,0.75862069,0.75862069,0.7241379309999999,0.7241379309999999,0.7241379309999999,0.7241379309999999,0.7241379309999999,0.7241379309999999,0.7241379309999999,0.7241379309999999,0.7241379309999999,0.75862069,0.75862069,0.75862069,0.793103448,0.8275862070000001,0.8620689659999999
0.633448276,0.633965517,0.635689655,0.6369540229999999,0.6370689660000001,0.635804598,0.63683908,0.637701149,0.636781609,0.635,0.633793103,0.634137931,0.6353448279999999,0.636436782,0.638448276,0.640977011,0.642183908,0.64545977,0.649195402,0.652471264,0.655689655,0.655632184,0.657758621,0.6591379310000001,0.6603448279999999,0.6603448279999999,0.662068966,0.6641379310000001,0.664770115,0.664655172
0.704655172,0.703390805,0.704885057,0.706896552,0.706436782,0.7017816090000001,0.7010344829999999,0.699137931,0.6949425290000001,0.691494253,0.688045977,0.68816092,0.688850575,0.689252874,0.690977011,0.6951724140000001,0.6970689659999999,0.701724138,0.7062643679999999,0.709885057,0.7149425290000001,0.712931034,0.7146551720000001,0.7159770109999999,0.7170689659999999,0.716954023,0.719482759,0.720689655,0.719195402,0.717356322
0.576494253,0.578045977,0.5798275860000001,0.581551724,0.582011494,0.582528736,0.585,0.588275862,0.590114943,0.5908620689999999,0.590344828,0.591149425,0.593275862,0.5944252870000001,0.59683908,0.597643678,0.597758621,0.600229885,0.603275862,0.606724138,0.6083333329999999,0.610689655,0.612471264,0.614137931,0.615402299,0.615689655,0.617183908,0.620344828,0.6230459770000001,0.624942529
0.681666667,0.6947,0.7041333329999999,0.706466667,0.709466667,0.7243,0.7371,0.7423333329999999,0.752966667,0.765833333,0.7817666670000001,0.794933333,0.798366667,0.8000666670000001,0.799333333,0.795366667,0.791166667,0.785833333,0.7834,0.7835333329999999,0.783166667,0.785233333,0.792466667,0.7889,0.7848666670000001,0.787833333,0.787433333,0.782566667,0.7846333329999999,0.7918666670000001
0.055277778,0.06,0.061277778,0.062944444,0.063611111,0.068333333,0.074055556,0.07722222200000001,0.081444444,0.083,0.089055556,0.08916666699999999,0.08916666699999999,0.08916666699999999,0.08916666699999999,0.08916666699999999,0.08755555599999999,0.083333333,0.083055556,0.08199999999999999,0.096555556,0.128777778,0.1415,0.122666667,0.11755555599999999,0.12566666699999998,0.125722222,0.113,0.11761111099999999,0.11872222199999999
0.666666667,0.666666667,0.666666667,0.666666667,0.666666667,0.666666667,0.666666667,0.666666667,0.7,0.7,0.7333333329999999,0.7333333329999999,0.7333333329999999,0.7333333329999999,0.7333333329999999,0.7333333329999999,0.7333333329999999,0.7333333329999999,0.7333333329999999,0.7333333329999999,0.7333333329999999,0.7333333329999999,0.7333333329999999,0.7333333329999999,0.7333333329999999,0.7666666670000001,0.7666666670000001,0.7666666670000001,0.8,0.833333333
0.632277778,0.633388889,0.633611111,0.6359444439999999,0.6375,0.6359444439999999,0.635611111,0.637444444,0.637888889,0.636888889,0.634833333,0.6349444439999999,0.637277778,0.638333333,0.638888889,0.640555556,0.641333333,0.643222222,0.646055556,0.6497222220000001,0.652833333,0.6555,0.655833333,0.6587222220000001,0.660611111,0.660388889,0.660888889,0.662833333,0.664444444,0.665055556
0.704277778,0.703555556,0.7019444440000001,0.7051666670000001,0.7074444440000001,0.7035,0.7009444440000001,0.700555556,0.697833333,0.694555556,0.6908333329999999,0.6896111109999999,0.6925,0.6923888890000001,0.692722222,0.6941666670000001,0.6951111109999999,0.698666667,0.7021666670000001,0.706555556,0.710833333,0.7140000000000001,0.7121111109999999,0.715944444,0.7173888890000001,0.7162777779999999,0.717611111,0.720555556,0.720611111,0.7191111109999999
0.5744444439999999,0.5772222220000001,0.578555556,0.580388889,0.582388889,0.5820000000000001,0.583055556,0.586333333,0.589388889,0.590777778,0.5912777779999999,0.591333333,0.593333333,0.595555556,0.596055556,0.597666667,0.597944444,0.598888889,0.6012222220000001,0.604388889,0.606555556,0.608777778,0.6113333329999999,0.613666667,0.615555556,0.616111111,0.616444444,0.6185,0.621166667,0.623777778
