0.531,0.555,0.5479999999999999,0.591,0.601,0.503,0.461,0.491,0.508,0.419,0.505,0.563,0.655,0.713,0.589,0.5489999999999999,0.508,0.7979999999999999,0.8029999999999999,0.703,0.643,0.775,0.529,0.434,0.621,0.45299999999999996,0.32899999999999996,0.361,0.435,0.551
0.0,0.0,0.0,0.0,0.0,0.0,0.0,0.0,0.0,0.0,0.0,0.0,0.0,0.0016666670000000001,0.0,0.0,0.0,0.025,0.0,0.0,0.0,0.003333333,0.00033333300000000006,0.00033333300000000006,0.018333333,0.0,0.0,0.0,0.0,0.003333333
0.0,0.0,0.0,0.0,0.0,0.0,0.0,0.0,0.0,0.0,0.0,0.0,0.0,1.0,0.0,0.0,0.0,1.0,1.0,0.0,0.0,1.0,1.0,1.0,1.0,1.0,0.0,0.0,0.0,1.0
0.436666667,0.456666667,0.47666666700000004,0.493333333,0.528333333,0.52,0.515,0.52,0.46833333299999996,0.405,0.41666666700000005,0.44,0.443333333,0.46166666700000003,0.425,0.445,0.496666667,0.443333333,0.44833333299999995,0.46,0.455,0.45333333299999995,0.45333333299999995,0.4,0.443333333,0.34166666700000003,0.29333333300000003,0.306666667,0.33,0.36166666700000005
0.53,0.565,0.586666667,0.575,0.6316666670000001,0.62,0.611666667,0.6183333329999999,0.558333333,0.49166666700000006,0.5116666670000001,0.55,0.528333333,0.525,0.52,0.563333333,0.595,0.498333333,0.528333333,0.543333333,0.558333333,0.515,0.513333333,0.49166666700000006,0.5083333329999999,0.423333333,0.375,0.391666667,0.44,0.415
0.35166666700000004,0.363333333,0.385,0.41333333299999997,0.445,0.45,0.438333333,0.45333333299999995,0.38,0.33833333299999996,0.321666667,0.335,0.36166666700000005,0.40833333299999997,0.35666666700000005,0.34166666700000003,0.39333333299999995,0.39333333299999995,0.38,0.40333333299999996,0.375,0.4,0.375,0.316666667,0.40333333299999996,0.285,0.226666667,0.231666667,0.235,0.301666667
0.6625,0.5429999999999999,0.5515,0.5695,0.596,0.552,0.48200000000000004,0.47600000000000003,0.4995,0.4635,0.462,0.534,0.609,0.684,0.6509999999999999,0.569,0.5285,0.653,0.8005,0.753,0.6729999999999999,0.7090000000000001,0.652,0.4815,0.5275,0.537,0.391,0.345,0.39799999999999996,0.493
0.0058333330000000004,0.0,0.0,0.0,0.0,0.0,0.0,0.0,0.0,0.0,0.0,0.0,0.0,0.000833333,0.000833333,0.0,0.0,0.0125,0.0125,0.0,0.0,0.0016666670000000001,0.001833333,0.00033333300000000006,0.009333333000000001,0.009166667,0.0,0.0,0.0,0.0016666670000000001
0.5,0.0,0.0,0.0,0.0,0.0,0.0,0.0,0.0,0.0,0.0,0.0,0.0,0.5,0.5,0.0,0.0,0.5,1.0,0.5,0.0,0.5,1.0,1.0,1.0,1.0,0.5,0.0,0.0,0.5
0.443333333,0.446666667,0.46666666700000003,0.485,0.510833333,0.524166667,0.5175,0.5175,0.494166667,0.436666667,0.41083333299999997,0.428333333,0.441666667,0.4525,0.443333333,0.435,0.47083333299999997,0.47,0.44583333299999994,0.454166667,0.4575,0.454166667,0.45333333299999995,0.42666666700000005,0.42166666700000005,0.3925,0.3175,0.3,0.318333333,0.34583333299999997
0.535,0.5475,0.575833333,0.580833333,0.6033333329999999,0.625833333,0.615833333,0.615,0.588333333,0.525,0.5016666670000001,0.530833333,0.539166667,0.526666667,0.5225,0.541666667,0.5791666670000001,0.546666667,0.513333333,0.535833333,0.5508333329999999,0.536666667,0.514166667,0.5025,0.5,0.46583333299999996,0.39916666700000003,0.38333333299999994,0.41583333299999997,0.4275
0.365,0.3575,0.374166667,0.39916666700000003,0.42916666700000006,0.4475,0.444166667,0.44583333299999994,0.41666666700000005,0.35916666700000005,0.33,0.328333333,0.34833333299999997,0.385,0.3825,0.34916666700000004,0.3675,0.39333333299999995,0.386666667,0.391666667,0.389166667,0.3875,0.3875,0.34583333299999997,0.36,0.34416666700000004,0.255833333,0.229166667,0.233333333,0.268333333
0.653666667,0.6266666670000001,0.544666667,0.564666667,0.58,0.565,0.5216666670000001,0.485,0.48666666700000005,0.47266666700000004,0.47733333299999997,0.495666667,0.574333333,0.6436666670000001,0.652333333,0.617,0.548666667,0.6183333329999999,0.703,0.768,0.716333333,0.7070000000000001,0.649,0.579333333,0.528,0.5026666670000001,0.46766666700000004,0.381,0.375,0.449
0.0038888890000000004,0.0038888890000000004,0.0,0.0,0.0,0.0,0.0,0.0,0.0,0.0,0.0,0.0,0.0,0.000555556,0.000555556,0.000555556,0.0,0.008333333,0.008333333,0.008333333,0.0,0.0011111110000000001,0.001222222,0.001333333,0.006333333000000001,0.0062222219999999995,0.006111111,0.0,0.0,0.0011111110000000001
0.333333333,0.333333333,0.0,0.0,0.0,0.0,0.0,0.0,0.0,0.0,0.0,0.0,0.0,0.333333333,0.333333333,0.333333333,0.0,0.333333333,0.666666667,0.666666667,0.333333333,0.333333333,0.666666667,1.0,1.0,1.0,0.666666667,0.333333333,0.0,0.333333333
0.480555556,0.44777777799999996,0.456666667,0.475555556,0.499444444,0.513888889,0.521111111,0.518333333,0.501111111,0.464444444,0.43,0.420555556,0.433333333,0.44833333299999995,0.443333333,0.443888889,0.45555555600000003,0.46166666700000003,0.462777778,0.450555556,0.454444444,0.456111111,0.45388888899999996,0.435555556,0.43222222200000004,0.395,0.359444444,0.313888889,0.31,0.332777778
0.575555556,0.545,0.5605555560000001,0.575555556,0.597777778,0.6088888889999999,0.621111111,0.6166666670000001,0.596111111,0.556111111,0.520555556,0.517777778,0.53,0.534444444,0.524444444,0.536111111,0.5594444439999999,0.552222222,0.540555556,0.523333333,0.543333333,0.538888889,0.528888889,0.5066666670000001,0.504444444,0.47444444399999997,0.435555556,0.39666666700000003,0.402222222,0.415555556
0.40055555600000003,0.364444444,0.36666666700000006,0.387222222,0.41444444399999997,0.436111111,0.444444444,0.447222222,0.423888889,0.390555556,0.34666666700000004,0.33166666699999997,0.339444444,0.368333333,0.375555556,0.368888889,0.363888889,0.376111111,0.38888888899999996,0.392222222,0.386111111,0.39277777799999997,0.38333333299999994,0.363888889,0.365,0.335,0.305,0.247777778,0.231111111,0.256111111
0.64525,0.629,0.607,0.55625,0.57375,0.56075,0.539,0.514,0.49075,0.46975,0.48075,0.49875,0.5355,0.609,0.63,0.6265,0.58975,0.611,0.6645,0.703,0.73675,0.731,0.6625,0.59525,0.58975,0.50925,0.45925,0.441,0.3945,0.419
0.002916667,0.002916667,0.002916667,0.0,0.0,0.0,0.0,0.0,0.0,0.0,0.0,0.0,0.0,0.00041666699999999996,0.00041666699999999996,0.00041666699999999996,0.00041666699999999996,0.00625,0.00625,0.00625,0.00625,0.000833333,0.000916667,0.001,0.005583333,0.00475,0.004666667,0.004583333,0.0,0.000833333
0.25,0.25,0.25,0.0,0.0,0.0,0.0,0.0,0.0,0.0,0.0,0.0,0.0,0.25,0.25,0.25,0.25,0.25,0.5,0.5,0.5,0.5,0.5,0.75,1.0,1.0,0.75,0.5,0.25,0.25
0.495,0.474583333,0.455,0.46583333299999996,0.48875,0.504583333,0.514166667,0.520833333,0.505833333,0.47708333299999994,0.4525,0.4325,0.42625,0.44041666700000004,0.4425,0.44375,0.457083333,0.4525,0.45833333299999995,0.462083333,0.451666667,0.454166667,0.45541666700000005,0.44041666700000004,0.4375,0.409583333,0.36958333299999996,0.34625,0.317916667,0.322916667
0.591666667,0.572916667,0.555416667,0.5641666670000001,0.589583333,0.6033333329999999,0.609583333,0.620416667,0.6020833329999999,0.57,0.545,0.5279166670000001,0.520416667,0.52875,0.530833333,0.534166667,0.5508333329999999,0.544166667,0.54625,0.54125,0.532083333,0.53625,0.5325,0.5195833329999999,0.507083333,0.48416666700000005,0.449583333,0.42458333299999995,0.4075,0.405416667
0.41375,0.39125,0.36958333299999996,0.378333333,0.40166666700000003,0.423333333,0.436666667,0.446666667,0.43041666700000003,0.4025,0.373333333,0.34375,0.33916666700000003,0.35666666700000005,0.36541666700000003,0.36708333299999996,0.375,0.37125,0.37708333299999997,0.3925,0.38791666700000005,0.389583333,0.38833333299999995,0.36666666700000006,0.37375,0.345,0.307916667,0.286666667,0.244583333,0.24875
0.6238,0.6272,0.6128,0.6038,0.5652,0.5596,0.5408,0.5294,0.5128,0.4764,0.4768,0.4972,0.53,0.5710000000000001,0.605,0.6138,0.6028,0.6314,0.6494,0.6722,0.691,0.7444,0.6906,0.6168,0.6004,0.5624,0.4732,0.4396,0.4398,0.4258
0.002333333,0.002333333,0.002333333,0.002333333,0.0,0.0,0.0,0.0,0.0,0.0,0.0,0.0,0.0,0.00033333300000000006,0.00033333300000000006,0.00033333300000000006,0.00033333300000000006,0.005333333000000001,0.005,0.005,0.005,0.005666666999999999,0.0007333330000000001,0.0008,0.004466667,0.004466667,0.0038,0.0037333329999999997,0.003666667,0.000666667
0.2,0.2,0.2,0.2,0.0,0.0,0.0,0.0,0.0,0.0,0.0,0.0,0.0,0.2,0.2,0.2,0.2,0.4,0.4,0.4,0.4,0.6,0.6,0.6,0.8,1.0,0.8,0.6,0.4,0.4
0.5006666670000001,0.487333333,0.475,0.46266666700000003,0.47833333299999997,0.495,0.5066666670000001,0.515333333,0.510333333,0.48566666700000005,0.465,0.45,0.434666667,0.433333333,0.437333333,0.44299999999999995,0.45433333299999995,0.45433333299999995,0.451666667,0.45866666700000003,0.46066666700000003,0.452,0.45399999999999996,0.444333333,0.441,0.418333333,0.38633333299999995,0.35700000000000004,0.34299999999999997,0.32666666699999997
0.595,0.586333333,0.575666667,0.559333333,0.577666667,0.595666667,0.605,0.6113333329999999,0.608,0.58,0.558333333,0.546,0.528,0.521333333,0.527,0.537333333,0.546333333,0.540333333,0.541,0.545666667,0.544666667,0.528666667,0.531666667,0.524333333,0.517333333,0.490333333,0.46233333299999996,0.43799999999999994,0.42766666700000006,0.409
0.41766666700000005,0.40366666700000003,0.39,0.378333333,0.391666667,0.41133333299999997,0.426333333,0.44,0.433333333,0.41200000000000003,0.38633333299999995,0.36566666700000006,0.34733333299999997,0.353,0.35666666700000005,0.36066666700000005,0.372333333,0.378666667,0.373,0.382333333,0.389,0.39033333299999995,0.386666667,0.374,0.374,0.35600000000000004,0.321333333,0.292666667,0.276333333,0.256
0.6156666670000001,0.6123333329999999,0.614,0.609166667,0.6033333329999999,0.5548333329999999,0.543166667,0.5325,0.525833333,0.497166667,0.48116666700000005,0.49116666700000006,0.5235,0.5605,0.574,0.595666667,0.596166667,0.635333333,0.66,0.658333333,0.667333333,0.705,0.7085,0.647833333,0.6175,0.575833333,0.5235,0.4545,0.438833333,0.45833333299999995
0.005555556,0.001944444,0.001944444,0.001944444,0.001944444,0.0,0.0,0.0,0.0,0.0,0.0,0.0,0.0,0.000277778,0.000277778,0.000277778,0.000277778,0.0044444440000000005,0.0044444440000000005,0.004166667,0.004166667,0.004722222,0.004777778,0.000666667,0.0037222220000000003,0.0037222220000000003,0.0037222220000000003,0.003166667,0.0031111109999999997,0.0036111109999999997
0.333333333,0.166666667,0.166666667,0.166666667,0.166666667,0.0,0.0,0.0,0.0,0.0,0.0,0.0,0.0,0.166666667,0.166666667,0.166666667,0.166666667,0.333333333,0.5,0.333333333,0.333333333,0.5,0.666666667,0.666666667,0.666666667,0.833333333,0.833333333,0.666666667,0.5,0.5
0.509166667,0.493333333,0.485555556,0.478055556,0.47361111100000003,0.485277778,0.498333333,0.508888889,0.5075,0.49277777799999994,0.47416666700000004,0.46083333299999996,0.44888888899999996,0.439166667,0.431944444,0.438611111,0.451944444,0.4525,0.45333333299999995,0.453055556,0.45805555600000003,0.459444444,0.452222222,0.445,0.444166667,0.424444444,0.3975,0.373055556,0.3525,0.346111111
0.595,0.59,0.586388889,0.575555556,0.571388889,0.584722222,0.598333333,0.607222222,0.6025,0.588611111,0.5686111110000001,0.556944444,0.543055556,0.5275,0.521111111,0.533055556,0.546944444,0.538333333,0.538333333,0.541388889,0.5477777779999999,0.5397222220000001,0.526111111,0.525,0.5216666670000001,0.5016666670000001,0.471111111,0.450555556,0.438333333,0.425555556
0.428888889,0.408611111,0.40055555600000003,0.39388888899999996,0.389444444,0.40138888899999997,0.41583333299999997,0.430833333,0.43,0.4175,0.396944444,0.37777777799999995,0.365,0.3575,0.35361111100000003,0.35416666700000005,0.366111111,0.375833333,0.378888889,0.378055556,0.381111111,0.39083333299999995,0.38777777799999996,0.375,0.378888889,0.35916666700000005,0.334444444,0.306388889,0.28305555600000004,0.28055555600000004
0.629142857,0.607,0.603142857,0.610714286,0.608,0.589,0.541428571,0.535714286,0.529,0.510571429,0.498285714,0.492857143,0.514571429,0.550571429,0.564571429,0.570428571,0.583142857,0.625,0.659285714,0.666142857,0.6561428570000001,0.682714286,0.679857143,0.669285714,0.644,0.594,0.540571429,0.500285714,0.451714286,0.45485714299999996
0.004761905,0.004761905,0.0016666670000000001,0.0016666670000000001,0.0016666670000000001,0.0016666670000000001,0.0,0.0,0.0,0.0,0.0,0.0,0.0,0.000238095,0.000238095,0.000238095,0.000238095,0.0038095240000000003,0.0038095240000000003,0.0038095240000000003,0.003571429,0.0040476190000000006,0.004095238,0.004142857,0.003190476,0.003190476,0.003190476,0.003190476,0.0027142859999999998,0.003142857
0.28571428600000004,0.28571428600000004,0.14285714300000002,0.14285714300000002,0.14285714300000002,0.14285714300000002,0.0,0.0,0.0,0.0,0.0,0.0,0.0,0.14285714300000002,0.14285714300000002,0.14285714300000002,0.14285714300000002,0.28571428600000004,0.428571429,0.428571429,0.28571428600000004,0.428571429,0.571428571,0.7142857140000001,0.7142857140000001,0.7142857140000001,0.7142857140000001,0.7142857140000001,0.571428571,0.571428571
0.522380952,0.5016666670000001,0.490952381,0.48666666700000005,0.485238095,0.480238095,0.48952381,0.501428571,0.503095238,0.492857143,0.48190476200000004,0.46928571399999996,0.45833333299999995,0.450714286,0.43714285700000005,0.433809524,0.446904762,0.450714286,0.451904762,0.454285714,0.45333333299999995,0.457380952,0.458571429,0.444761905,0.444761905,0.42952381,0.40571428600000004,0.38452381,0.36690476200000005,0.353809524
0.6085714289999999,0.590714286,0.58952381,0.584761905,0.583571429,0.578333333,0.588571429,0.601190476,0.600238095,0.586666667,0.577619048,0.565952381,0.552857143,0.54047619,0.5264285710000001,0.5271428570000001,0.541904762,0.54,0.536904762,0.539047619,0.5438095239999999,0.5430952379999999,0.535952381,0.521190476,0.5226190479999999,0.507619048,0.483571429,0.459761905,0.449047619,0.435
0.441190476,0.41952381,0.405238095,0.402380952,0.401190476,0.39809523799999996,0.40666666700000004,0.42119047600000004,0.423571429,0.41690476200000004,0.403809524,0.38809523799999995,0.37547619,0.371190476,0.35738095200000003,0.35190476200000004,0.359761905,0.37,0.376428571,0.38238095200000005,0.37761904799999996,0.38380952399999996,0.38857142899999997,0.37761904799999996,0.379047619,0.36547619,0.340238095,0.319761905,0.29619047600000004,0.28571428600000004
0.630375,0.619875,0.599625,0.601625,0.6095,0.594875,0.573,0.535125,0.53225,0.51525,0.509875,0.506375,0.513125,0.539375,0.555375,0.562625,0.562625,0.61,0.64725,0.66475,0.66325,0.6709999999999999,0.6635,0.649125,0.66325,0.620125,0.560875,0.518125,0.492125,0.464125
0.004166667,0.004166667,0.004166667,0.0014583329999999998,0.0014583329999999998,0.0014583329999999998,0.0014583329999999998,0.0,0.0,0.0,0.0,0.0,0.0,0.000208333,0.000208333,0.000208333,0.000208333,0.003333333,0.003333333,0.003333333,0.003333333,0.003541667,0.0035833329999999997,0.003625,0.005916667,0.0027916670000000003,0.0027916670000000003,0.0027916670000000003,0.0027916670000000003,0.0027916670000000003
0.25,0.25,0.25,0.125,0.125,0.125,0.125,0.0,0.0,0.0,0.0,0.0,0.0,0.125,0.125,0.125,0.125,0.25,0.375,0.375,0.375,0.375,0.5,0.625,0.75,0.75,0.625,0.625,0.625,0.625
0.531041667,0.514166667,0.498541667,0.49125,0.491875,0.48958333299999995,0.48458333299999995,0.493333333,0.49729166700000005,0.490833333,0.483333333,0.47666666700000004,0.46604166700000005,0.45875,0.4475,0.438125,0.441666667,0.446458333,0.45041666700000005,0.45291666700000005,0.454375,0.45333333299999995,0.456875,0.45125,0.44458333299999997,0.431875,0.4125,0.39333333299999995,0.37770833299999995,0.36625
0.61875,0.603125,0.590208333,0.5877083329999999,0.590625,0.588125,0.5825,0.592291667,0.595833333,0.586666667,0.577291667,0.5741666670000001,0.56125,0.549375,0.5379166670000001,0.531041667,0.535625,0.536458333,0.5385416670000001,0.537708333,0.541458333,0.5402083329999999,0.539375,0.530416667,0.5195833329999999,0.510208333,0.491041667,0.472083333,0.457291667,0.44479166700000006
0.449583333,0.43145833299999997,0.415208333,0.40625,0.407708333,0.407291667,0.403125,0.4125,0.416041667,0.412916667,0.405,0.39520833299999997,0.384791667,0.37958333299999997,0.369375,0.355416667,0.35708333299999995,0.36395833299999997,0.37125,0.37979166700000005,0.381458333,0.38041666700000004,0.38270833299999996,0.37958333299999997,0.380833333,0.36729166700000004,0.348125,0.32666666699999997,0.309166667,0.296875
0.653,0.622,0.6118888889999999,0.598666667,0.601555556,0.597666667,0.58,0.563888889,0.532111111,0.5196666670000001,0.5141111110000001,0.515777778,0.522888889,0.535333333,0.544888889,0.554666667,0.5565555560000001,0.588777778,0.631444444,0.653444444,0.662333333,0.675666667,0.655222222,0.638,0.6459999999999999,0.639888889,0.587777778,0.538666667,0.508888889,0.498666667
0.004814815,0.0037037040000000004,0.0037037040000000004,0.0037037040000000004,0.001296296,0.001296296,0.001296296,0.001296296,0.0,0.0,0.0,0.0,0.0,0.000185185,0.000185185,0.000185185,0.000185185,0.002962963,0.002962963,0.002962963,0.002962963,0.003333333,0.003185185,0.0032222220000000003,0.0052592590000000005,0.0052592590000000005,0.0024814810000000002,0.0024814810000000002,0.0024814810000000002,0.002851852
0.333333333,0.222222222,0.222222222,0.222222222,0.111111111,0.111111111,0.111111111,0.111111111,0.0,0.0,0.0,0.0,0.0,0.111111111,0.111111111,0.111111111,0.111111111,0.222222222,0.333333333,0.333333333,0.333333333,0.444444444,0.444444444,0.5555555560000001,0.666666667,0.7777777779999999,0.666666667,0.5555555560000001,0.5555555560000001,0.666666667
0.5368518520000001,0.5227777779999999,0.51,0.497962963,0.49537037,0.495,0.492407407,0.488518519,0.490555556,0.487037037,0.48259259299999996,0.478518519,0.47296296299999996,0.46555555600000004,0.455,0.447222222,0.44462963,0.44185185200000004,0.446666667,0.451481481,0.453148148,0.45425925899999997,0.45333333299999995,0.450555556,0.45037037,0.43314814799999996,0.41648148100000004,0.400740741,0.38629629600000004,0.375925926
0.618148148,0.612777778,0.601296296,0.588518519,0.592592593,0.593888889,0.5907407410000001,0.586481481,0.588518519,0.584259259,0.578333333,0.574259259,0.569074074,0.557222222,0.546111111,0.540740741,0.538148148,0.531481481,0.535555556,0.539074074,0.54,0.538518519,0.537222222,0.534074074,0.527962963,0.508888889,0.495185185,0.48,0.46851851899999997,0.452592593
0.460740741,0.44,0.426296296,0.415,0.410555556,0.412407407,0.410740741,0.408703704,0.408888889,0.40740740700000005,0.402777778,0.397222222,0.391481481,0.38740740700000004,0.377037037,0.366296296,0.35962963,0.36111111100000004,0.36574074100000004,0.374814815,0.37925925899999996,0.383518519,0.379814815,0.37537037,0.38222222200000006,0.370185185,0.35166666700000004,0.335185185,0.316481481,0.308333333
0.6536,0.6432,0.6146,0.6098,0.5989,0.5917,0.584,0.5711,0.5583,0.5208,0.5182,0.519,0.5297,0.5419,0.5407,0.5453,0.55,0.5807,0.6102,0.6386,0.6524,0.6736,0.6609999999999999,0.6331,0.6363,0.6267,0.6088,0.5651,0.5283,0.5131
0.004333333,0.004333333,0.003333333,0.003333333,0.003333333,0.001166667,0.001166667,0.001166667,0.001166667,0.0,0.0,0.0,0.0,0.000166667,0.000166667,0.000166667,0.000166667,0.002666667,0.002666667,0.002666667,0.002666667,0.003,0.003033333,0.0029,0.004733333,0.004733333,0.004733333,0.0022333329999999997,0.0022333329999999997,0.002566667
0.3,0.3,0.2,0.2,0.2,0.1,0.1,0.1,0.1,0.0,0.0,0.0,0.0,0.1,0.1,0.1,0.1,0.2,0.3,0.3,0.3,0.4,0.5,0.5,0.6,0.7,0.7,0.6,0.5,0.6
0.546166667,0.528833333,0.518166667,0.5083333329999999,0.501,0.497833333,0.49700000000000005,0.495166667,0.4865,0.48200000000000004,0.48,0.47833333299999997,0.475,0.47183333299999997,0.4615,0.45399999999999996,0.452166667,0.4445,0.4425,0.44799999999999995,0.45183333299999995,0.453166667,0.454166667,0.44799999999999995,0.44983333299999995,0.4395,0.41916666700000005,0.4055,0.393666667,0.38383333299999994
0.626166667,0.612833333,0.610166667,0.598666667,0.592833333,0.595333333,0.595666667,0.5935,0.583666667,0.578833333,0.5770000000000001,0.5755,0.569666667,0.564666667,0.5535,0.5478333329999999,0.546166667,0.534166667,0.531166667,0.536333333,0.541,0.5375,0.536,0.532666667,0.5315,0.5175,0.4955,0.484833333,0.47600000000000003,0.46316666700000003
0.47266666700000004,0.451,0.4345,0.425,0.418,0.4145,0.415,0.415,0.40583333299999996,0.40183333299999996,0.39883333299999996,0.396,0.393666667,0.393166667,0.38433333299999994,0.3735,0.369,0.363,0.363,0.3695,0.374833333,0.381333333,0.382666667,0.3735,0.378166667,0.3725,0.355833333,0.33966666700000003,0.32516666699999996,0.315
0.6428181820000001,0.644636364,0.634545455,0.612454545,0.609,0.590181818,0.579818182,0.575545455,0.5653636360000001,0.545636364,0.519363636,0.522272727,0.531363636,0.546363636,0.546181818,0.541454545,0.5419090910000001,0.572545455,0.600909091,0.618636364,0.639,0.663545455,0.660454545,0.640363636,0.632,0.619636364,0.599636364,0.586272727,0.5532727270000001,0.530363636
0.003939394000000001,0.003939394000000001,0.003939394000000001,0.003030303,0.003030303,0.003030303,0.001060606,0.001060606,0.001060606,0.001060606,0.0,0.0,0.0,0.000151515,0.000151515,0.000151515,0.000151515,0.002424242,0.002424242,0.002424242,0.002424242,0.0027272729999999997,0.002757576,0.002787879,0.00430303,0.00430303,0.00430303,0.00430303,0.002030303,0.002333333
0.363636364,0.272727273,0.272727273,0.181818182,0.181818182,0.181818182,0.090909091,0.090909091,0.090909091,0.090909091,0.0,0.0,0.0,0.090909091,0.090909091,0.090909091,0.090909091,0.181818182,0.272727273,0.272727273,0.272727273,0.363636364,0.454545455,0.545454545,0.545454545,0.636363636,0.636363636,0.636363636,0.545454545,0.545454545
0.550757576,0.538030303,0.524090909,0.515909091,0.510151515,0.502727273,0.499393939,0.49909090899999997,0.49272727299999997,0.479090909,0.476060606,0.47636363600000003,0.475151515,0.47378787899999997,0.46757575799999995,0.46,0.457878788,0.451363636,0.444848485,0.444090909,0.448636364,0.451969697,0.45318181799999996,0.449242424,0.447575758,0.44,0.426212121,0.408939394,0.39863636399999997,0.390757576
0.630909091,0.620606061,0.610454545,0.606969697,0.601666667,0.59530303,0.596818182,0.597727273,0.59030303,0.57530303,0.5727272729999999,0.574545455,0.571212121,0.565606061,0.560606061,0.554393939,0.5521212120000001,0.541818182,0.533636364,0.5322727270000001,0.538333333,0.538636364,0.53530303,0.5319696970000001,0.530454545,0.5216666670000001,0.504545455,0.486060606,0.480757576,0.470454545
0.475757576,0.462727273,0.445,0.432575758,0.42681818200000005,0.420909091,0.41666666700000005,0.41848484799999996,0.41181818200000003,0.39969697,0.394545455,0.39303030299999997,0.392878788,0.395,0.389848485,0.380454545,0.37530303,0.371212121,0.364545455,0.36666666700000006,0.37,0.37712121200000004,0.38075757600000004,0.376666667,0.376212121,0.36969697,0.359242424,0.344545455,0.330151515,0.323030303
0.62925,0.6355,0.6365833329999999,0.630916667,0.6115,0.600166667,0.579416667,0.572416667,0.569916667,0.5531666670000001,0.54225,0.523,0.533333333,0.5465,0.5499166670000001,0.546416667,0.538666667,0.56325,0.59175,0.6094166670000001,0.6206666670000001,0.650333333,0.652333333,0.6415833329999999,0.63875,0.617083333,0.5954166670000001,0.57975,0.573666667,0.553083333
0.0036111109999999997,0.0036111109999999997,0.0036111109999999997,0.0036111109999999997,0.002777778,0.002777778,0.002777778,0.000972222,0.000972222,0.000972222,0.000972222,0.0,0.0,0.000138889,0.000138889,0.000138889,0.000138889,0.0022222220000000003,0.0022222220000000003,0.0022222220000000003,0.0022222220000000003,0.0025,0.002527778,0.002555556,0.004083333,0.003944444,0.003944444,0.003944444,0.003944444,0.002138889
0.333333333,0.333333333,0.25,0.25,0.166666667,0.166666667,0.166666667,0.083333333,0.083333333,0.083333333,0.083333333,0.0,0.0,0.083333333,0.083333333,0.083333333,0.083333333,0.166666667,0.25,0.25,0.25,0.333333333,0.41666666700000005,0.5,0.583333333,0.583333333,0.583333333,0.583333333,0.583333333,0.583333333
0.553472222,0.5429166670000001,0.5329166670000001,0.5215277779999999,0.516944444,0.510972222,0.50375,0.501111111,0.496527778,0.485416667,0.473888889,0.473055556,0.47361111100000003,0.47402777799999996,0.469722222,0.465694444,0.46305555600000003,0.456666667,0.451111111,0.446111111,0.445,0.449027778,0.452083333,0.44875,0.44875,0.43875,0.427777778,0.41625,0.402361111,0.39555555600000003
0.638194444,0.625416667,0.617777778,0.6075,0.609027778,0.603194444,0.596666667,0.598611111,0.594444444,0.5820833329999999,0.57,0.5708333329999999,0.570694444,0.567361111,0.561805556,0.5608333329999999,0.557777778,0.547638889,0.540694444,0.534444444,0.534444444,0.536388889,0.536527778,0.531666667,0.53,0.5215277779999999,0.509444444,0.49513888899999997,0.48222222200000003,0.475277778
0.47444444399999997,0.466388889,0.45625,0.44236111100000003,0.433611111,0.42875,0.422361111,0.41972222200000003,0.415277778,0.405694444,0.393194444,0.389583333,0.39041666700000005,0.394166667,0.391805556,0.38583333299999995,0.381527778,0.37680555600000004,0.371944444,0.36777777799999994,0.367361111,0.3725,0.376944444,0.37541666700000004,0.378888889,0.368611111,0.357777778,0.34861111100000003,0.335416667,0.327777778
0.622846154,0.6235384620000001,0.628769231,0.633076923,0.628615385,0.603153846,0.589461538,0.572615385,0.567461538,0.5583076920000001,0.549461538,0.543846154,0.533153846,0.547153846,0.549769231,0.549846154,0.543461538,0.558615385,0.5816923079999999,0.600307692,0.612,0.6325384620000001,0.6409999999999999,0.6355384620000001,0.64,0.6244615379999999,0.594923077,0.577384615,0.568615385,0.571923077
0.003333333,0.003333333,0.003333333,0.003333333,0.003333333,0.002564103,0.002564103,0.002564103,0.000897436,0.000897436,0.000897436,0.000897436,0.0,0.000128205,0.000128205,0.000128205,0.000128205,0.002051282,0.002051282,0.002051282,0.002051282,0.002307692,0.002333333,0.002358974,0.0037692309999999996,0.0037692309999999996,0.003641026,0.003641026,0.003641026,0.0038974359999999998
0.307692308,0.307692308,0.307692308,0.23076923100000002,0.23076923100000002,0.153846154,0.153846154,0.153846154,0.076923077,0.076923077,0.076923077,0.076923077,0.0,0.076923077,0.076923077,0.076923077,0.076923077,0.153846154,0.23076923100000002,0.23076923100000002,0.23076923100000002,0.307692308,0.384615385,0.46153846200000004,0.538461538,0.615384615,0.538461538,0.538461538,0.538461538,0.615384615
0.5524358970000001,0.5460256410000001,0.537820513,0.529871795,0.5220512820000001,0.517179487,0.511282051,0.505,0.498589744,0.489487179,0.480128205,0.47128205100000004,0.470769231,0.47269230799999995,0.47025641,0.467820513,0.468076923,0.46153846200000004,0.45602564100000004,0.451794872,0.446794872,0.445641026,0.44935897399999997,0.44807692299999996,0.44833333299999995,0.440512821,0.427564103,0.41846153799999997,0.409615385,0.399230769
0.6405128210000001,0.632564103,0.622435897,0.6144871789999999,0.6093589739999999,0.609871795,0.603846154,0.598333333,0.595512821,0.586538462,0.576666667,0.568461538,0.5675641029999999,0.567179487,0.5637179489999999,0.561923077,0.563461538,0.553205128,0.546153846,0.5408974360000001,0.536282051,0.532948718,0.534615385,0.533076923,0.529871795,0.5217948720000001,0.51025641,0.500384615,0.490897436,0.477051282
0.470897436,0.465897436,0.460128205,0.452948718,0.442564103,0.434871795,0.429487179,0.42474359,0.41666666700000005,0.409358974,0.399230769,0.388717949,0.38743589700000003,0.391794872,0.391282051,0.38794871799999997,0.386410256,0.382435897,0.37705128200000004,0.374358974,0.368333333,0.369871795,0.37269230799999997,0.372307692,0.377564103,0.371666667,0.35769230799999996,0.348076923,0.339871795,0.332820513
0.613428571,0.618,0.618142857,0.626071429,0.6307857139999999,0.619642857,0.593,0.582428571,0.568,0.556857143,0.5545,0.550428571,0.551785714,0.546,0.550142857,0.549714286,0.546857143,0.561642857,0.576071429,0.590357143,0.603357143,0.623642857,0.625142857,0.6262142860000001,0.6345,0.626642857,0.603357143,0.578214286,0.567214286,0.567357143
0.0030952379999999997,0.0030952379999999997,0.0030952379999999997,0.0030952379999999997,0.0030952379999999997,0.0030952379999999997,0.002380952,0.002380952,0.002380952,0.000833333,0.000833333,0.000833333,0.000833333,0.00011904799999999999,0.00011904799999999999,0.00011904799999999999,0.00011904799999999999,0.0019047620000000002,0.0019047620000000002,0.0019047620000000002,0.0019047620000000002,0.002142857,0.002166667,0.0021904760000000002,0.0035,0.0035,0.0035,0.003380952,0.003380952,0.0036190479999999997
0.28571428600000004,0.28571428600000004,0.28571428600000004,0.28571428600000004,0.214285714,0.214285714,0.14285714300000002,0.14285714300000002,0.14285714300000002,0.071428571,0.071428571,0.071428571,0.071428571,0.071428571,0.071428571,0.071428571,0.071428571,0.14285714300000002,0.214285714,0.214285714,0.214285714,0.28571428600000004,0.35714285700000004,0.428571429,0.5,0.571428571,0.571428571,0.5,0.5,0.571428571
0.550238095,0.545595238,0.5410714289999999,0.534642857,0.529761905,0.521904762,0.51702381,0.511904762,0.502380952,0.49190476200000005,0.484285714,0.477261905,0.46928571399999996,0.470119048,0.46928571399999996,0.46845238100000003,0.469880952,0.466309524,0.46059523799999996,0.45630952399999997,0.45202381,0.447261905,0.446190476,0.44583333299999994,0.447738095,0.440714286,0.43,0.418928571,0.41214285700000003,0.406190476
0.63797619,0.635119048,0.629285714,0.6190476189999999,0.615714286,0.6101190479999999,0.61,0.604880952,0.59547619,0.588095238,0.5811904760000001,0.574761905,0.565595238,0.56452381,0.563809524,0.563690476,0.5642857139999999,0.558809524,0.551428571,0.545952381,0.542142857,0.534761905,0.531547619,0.531547619,0.531309524,0.522261905,0.511309524,0.5017857139999999,0.496071429,0.48547619
0.46821428600000004,0.46321428600000003,0.460119048,0.456785714,0.452380952,0.44309523799999995,0.43511904799999995,0.431190476,0.421547619,0.411071429,0.40309523799999997,0.394642857,0.386785714,0.388928571,0.389285714,0.387738095,0.38833333299999995,0.386904762,0.382261905,0.378928571,0.374404762,0.370595238,0.370238095,0.368690476,0.37452381,0.370952381,0.361309524,0.348690476,0.34,0.337142857
0.6116,0.609533333,0.6133333329999999,0.6163333329999999,0.6244,0.622266667,0.609066667,0.5862,0.577466667,0.5580666670000001,0.5534,0.5550666670000001,0.5574,0.562533333,0.548866667,0.5500666670000001,0.546933333,0.5636,0.577733333,0.584533333,0.593866667,0.6148,0.6173333329999999,0.6124,0.625866667,0.6224,0.6068,0.5872,0.568666667,0.566133333
0.0028888890000000004,0.0028888890000000004,0.0028888890000000004,0.0028888890000000004,0.0028888890000000004,0.0028888890000000004,0.0028888890000000004,0.0022222220000000003,0.0022222220000000003,0.0022222220000000003,0.000777778,0.000777778,0.000777778,0.0008888889999999999,0.000111111,0.000111111,0.000111111,0.0017777779999999998,0.0017777779999999998,0.0017777779999999998,0.0017777779999999998,0.002,0.002022222,0.002044444,0.003266667,0.003266667,0.003266667,0.003266667,0.003155556,0.0033777779999999997
0.26666666699999997,0.26666666699999997,0.26666666699999997,0.26666666699999997,0.26666666699999997,0.2,0.2,0.133333333,0.133333333,0.133333333,0.066666667,0.066666667,0.066666667,0.133333333,0.066666667,0.066666667,0.066666667,0.133333333,0.2,0.2,0.2,0.26666666699999997,0.333333333,0.4,0.46666666700000003,0.533333333,0.533333333,0.533333333,0.46666666700000003,0.533333333
0.5517777779999999,0.544,0.541,0.537888889,0.534222222,0.529111111,0.521444444,0.517222222,0.509,0.495888889,0.486888889,0.481333333,0.475,0.468777778,0.467111111,0.46766666700000004,0.47033333299999996,0.468111111,0.465111111,0.46055555600000003,0.456222222,0.452111111,0.447666667,0.443111111,0.445666667,0.440666667,0.430888889,0.421777778,0.413,0.408777778
0.637444444,0.6331111110000001,0.631888889,0.6256666670000001,0.6198888889999999,0.616,0.610222222,0.610555556,0.601777778,0.588555556,0.583,0.579111111,0.571666667,0.562888889,0.5615555560000001,0.563777778,0.565777778,0.559888889,0.556777778,0.550888889,0.5467777779999999,0.540333333,0.533333333,0.528888889,0.53,0.524111111,0.512444444,0.5033333329999999,0.497666667,0.49066666700000006
0.47033333299999996,0.461222222,0.45799999999999996,0.457,0.456,0.452222222,0.44277777799999996,0.436333333,0.427777778,0.41600000000000004,0.405111111,0.39855555600000003,0.392444444,0.388222222,0.38677777799999996,0.386111111,0.388111111,0.388666667,0.386444444,0.383666667,0.378666667,0.376111111,0.370888889,0.36666666700000006,0.371,0.368555556,0.361333333,0.35266666700000004,0.341111111,0.337444444
0.615125,0.6080625,0.6056875,0.6119375,0.615375,0.6168125,0.6121875,0.6016875,0.5813125,0.5675625,0.55475,0.5539999999999999,0.5613125,0.567125,0.5641875,0.548875,0.5474375,0.562625,0.5785625,0.5855625,0.5881875,0.6051875,0.6094375,0.605875,0.6129375,0.6150625,0.6040625,0.5914375,0.5776875,0.5675625
0.002708333,0.002708333,0.002708333,0.002708333,0.002708333,0.002708333,0.002708333,0.002708333,0.0020833329999999997,0.0020833329999999997,0.0020833329999999997,0.000729167,0.000729167,0.000833333,0.000833333,0.00010416700000000001,0.00010416700000000001,0.0016666670000000001,0.0016666670000000001,0.0016666670000000001,0.0016666670000000001,0.001875,0.001895833,0.0019166670000000002,0.0030625,0.0030625,0.0030625,0.0030625,0.0030625,0.003166667
0.25,0.25,0.25,0.25,0.25,0.25,0.1875,0.1875,0.125,0.125,0.125,0.0625,0.0625,0.125,0.125,0.0625,0.0625,0.125,0.1875,0.1875,0.1875,0.25,0.3125,0.375,0.4375,0.5,0.5,0.5,0.5,0.5
0.555416667,0.5458333329999999,0.539791667,0.5380208329999999,0.5372916670000001,0.533333333,0.528229167,0.521354167,0.514166667,0.5025,0.4909375,0.48395833299999996,0.47895833299999996,0.47416666700000004,0.46604166700000005,0.46572916700000005,0.46947916700000003,0.46864583299999996,0.466875,0.464791667,0.46020833299999997,0.45604166700000004,0.4521875,0.4446875,0.443125,0.439166667,0.43145833299999997,0.423125,0.416041667,0.409791667
0.6415625,0.632916667,0.630208333,0.6283333329999999,0.6260416670000001,0.619895833,0.615729167,0.610729167,0.607291667,0.5948958329999999,0.58375,0.5809375,0.5759375,0.56875,0.560208333,0.561666667,0.565729167,0.5615625,0.557916667,0.5559375,0.5513541670000001,0.544791667,0.538645833,0.5307291670000001,0.527604167,0.523333333,0.514791667,0.504895833,0.499375,0.4925
0.47447916700000003,0.46364583299999995,0.456458333,0.45520833299999997,0.45625,0.455625,0.45135416700000003,0.4434375,0.4328125,0.4221875,0.410104167,0.40072916700000005,0.39625,0.3934375,0.38625,0.383958333,0.3865625,0.3884375,0.388125,0.3875,0.383125,0.38,0.376041667,0.3675,0.36895833299999997,0.365625,0.3596875,0.353229167,0.3453125,0.33864583299999995
0.6211764710000001,0.611588235,0.604529412,0.604823529,0.611294118,0.608764706,0.6076470589999999,0.605058824,0.596176471,0.5717647060000001,0.563882353,0.5552352939999999,0.559941176,0.570235294,0.568411765,0.563294118,0.5464705879999999,0.562176471,0.576764706,0.585882353,0.5889411760000001,0.599176471,0.6007058820000001,0.599117647,0.606764706,0.603529412,0.598235294,0.589764706,0.582235294,0.576117647
0.002745098,0.00254902,0.00254902,0.00254902,0.00254902,0.00254902,0.00254902,0.00254902,0.00254902,0.001960784,0.001960784,0.001960784,0.000686275,0.0007843139999999999,0.0007843139999999999,0.0007843139999999999,9.8e-05,0.0015686270000000002,0.0015686270000000002,0.0015686270000000002,0.0015686270000000002,0.001764706,0.001784314,0.0018039220000000001,0.002882353,0.002882353,0.002882353,0.002882353,0.002882353,0.003078431
0.294117647,0.235294118,0.235294118,0.235294118,0.235294118,0.235294118,0.235294118,0.176470588,0.176470588,0.117647059,0.117647059,0.117647059,0.058823529000000006,0.117647059,0.117647059,0.117647059,0.058823529000000006,0.117647059,0.176470588,0.176470588,0.176470588,0.235294118,0.294117647,0.352941176,0.41176470600000004,0.470588235,0.470588235,0.470588235,0.470588235,0.529411765
0.5577450979999999,0.549607843,0.541764706,0.5370588239999999,0.53745098,0.53627451,0.532254902,0.527745098,0.518235294,0.507745098,0.49745098,0.48794117600000003,0.481568627,0.477941176,0.47127451,0.46480392200000004,0.46754902,0.467941176,0.46745098,0.46647058799999996,0.464215686,0.45980392200000003,0.45588235299999996,0.449117647,0.44460784299999995,0.43715686299999995,0.430588235,0.42411764700000004,0.417647059,0.412843137
0.643529412,0.637058824,0.630196078,0.626960784,0.628529412,0.625686275,0.619411765,0.6158823529999999,0.6076470589999999,0.600490196,0.59,0.581764706,0.577843137,0.572941176,0.565882353,0.560392157,0.563627451,0.5617647060000001,0.559607843,0.557058824,0.556078431,0.549215686,0.542941176,0.535882353,0.529411765,0.521470588,0.514607843,0.50754902,0.501078431,0.494411765
0.478921569,0.467941176,0.45901960799999997,0.45392156899999997,0.45460784299999996,0.45588235299999996,0.45460784299999996,0.45147058799999995,0.43970588200000005,0.42725490200000005,0.41627451,0.405686275,0.398431373,0.396960784,0.39127451,0.383627451,0.384509804,0.386960784,0.387941176,0.38901960799999996,0.386764706,0.384117647,0.37970588200000005,0.37254902,0.369607843,0.364019608,0.35745098,0.352156863,0.34627451,0.34274509799999997
0.6345,0.6175,0.608055556,0.603777778,0.604611111,0.6052777779999999,0.600555556,0.601166667,0.599666667,0.586333333,0.568055556,0.5638333329999999,0.560777778,0.5684444439999999,0.571277778,0.567333333,0.560222222,0.5604444439999999,0.575555556,0.583777778,0.589055556,0.5992777779999999,0.5952777779999999,0.591444444,0.600333333,0.5982222220000001,0.5882777779999999,0.585055556,0.5811666670000001,0.5805
0.006111111,0.002592593,0.0024074070000000003,0.0024074070000000003,0.0024074070000000003,0.0024074070000000003,0.0024074070000000003,0.0024074070000000003,0.0024074070000000003,0.0024074070000000003,0.0018518520000000002,0.0018518520000000002,0.0018518520000000002,0.0007407410000000001,0.0007407410000000001,0.0007407410000000001,0.0007407410000000001,0.001481481,0.001481481,0.001481481,0.001481481,0.0016666670000000001,0.001685185,0.001703704,0.0027222220000000003,0.0027222220000000003,0.0027222220000000003,0.0027222220000000003,0.0027222220000000003,0.0029074070000000003
0.333333333,0.27777777800000003,0.222222222,0.222222222,0.222222222,0.222222222,0.222222222,0.222222222,0.166666667,0.166666667,0.111111111,0.111111111,0.111111111,0.111111111,0.111111111,0.111111111,0.111111111,0.111111111,0.166666667,0.166666667,0.166666667,0.222222222,0.27777777800000003,0.333333333,0.38888888899999996,0.444444444,0.444444444,0.444444444,0.444444444,0.5
0.556574074,0.55212963,0.545555556,0.539074074,0.536574074,0.536481481,0.535092593,0.531574074,0.524444444,0.5119444439999999,0.502685185,0.494259259,0.48546296299999997,0.48046296299999997,0.475,0.469814815,0.466574074,0.466203704,0.466851852,0.46703703700000004,0.46583333299999996,0.463611111,0.459444444,0.45277777799999996,0.44879629600000004,0.438888889,0.42916666700000006,0.42370370399999996,0.418888889,0.41453703700000005
0.639907407,0.639166667,0.634259259,0.62712963,0.627222222,0.6280555560000001,0.624907407,0.619351852,0.612685185,0.601203704,0.595555556,0.587777778,0.578796296,0.574907407,0.57,0.565740741,0.562314815,0.56,0.5599074070000001,0.558703704,0.55712963,0.553796296,0.547222222,0.540092593,0.534351852,0.523518519,0.513333333,0.507777778,0.503796296,0.496296296
0.479814815,0.4725,0.46333333299999996,0.456481481,0.45342592600000003,0.45435185200000006,0.45490740700000004,0.45453703700000003,0.4475,0.434074074,0.421388889,0.411759259,0.403240741,0.398981481,0.394722222,0.388518519,0.384166667,0.385,0.386574074,0.38879629600000004,0.388240741,0.3875,0.383611111,0.37620370399999997,0.374259259,0.364907407,0.356388889,0.35046296299999996,0.345648148,0.343796296
0.638263158,0.630315789,0.613842105,0.607157895,0.603631579,0.599263158,0.597684211,0.594789474,0.596263158,0.590157895,0.582052632,0.567789474,0.5686315789999999,0.568789474,0.569526316,0.570105263,0.564210526,0.5727368420000001,0.573210526,0.582263158,0.586894737,0.598842105,0.595578947,0.586789474,0.593,0.592578947,0.584052632,0.576315789,0.577157895,0.579578947
0.006491228000000001,0.005789474,0.00245614,0.002280702,0.002280702,0.002280702,0.002280702,0.002280702,0.002280702,0.002280702,0.002280702,0.0017543860000000001,0.0017543860000000001,0.001842105,0.000701754,0.000701754,0.000701754,0.002017544,0.001403509,0.001403509,0.001403509,0.001578947,0.001596491,0.001614035,0.0025789470000000003,0.0025789470000000003,0.0025789470000000003,0.0025789470000000003,0.0025789470000000003,0.0027543859999999997
0.36842105299999994,0.31578947399999996,0.263157895,0.21052631600000002,0.21052631600000002,0.21052631600000002,0.21052631600000002,0.21052631600000002,0.21052631600000002,0.15789473699999998,0.15789473699999998,0.10526315800000001,0.10526315800000001,0.15789473699999998,0.10526315800000001,0.10526315800000001,0.10526315800000001,0.15789473699999998,0.15789473699999998,0.15789473699999998,0.15789473699999998,0.21052631600000002,0.263157895,0.31578947399999996,0.36842105299999994,0.42105263200000004,0.42105263200000004,0.42105263200000004,0.42105263200000004,0.473684211
0.555701754,0.551315789,0.548157895,0.542807018,0.538508772,0.535701754,0.5353508770000001,0.534298246,0.528245614,0.518157895,0.506929825,0.499385965,0.49157894700000004,0.48421052600000003,0.47754386,0.473421053,0.47122807,0.46535087700000005,0.46526315799999995,0.466491228,0.466403509,0.46517543899999997,0.463070175,0.45631578899999997,0.45228070200000003,0.443157895,0.43122807,0.42271929799999997,0.41877193,0.415877193
0.636842105,0.635964912,0.636403509,0.631140351,0.627368421,0.626842105,0.6271929820000001,0.6245614039999999,0.616140351,0.6063157889999999,0.596491228,0.593157895,0.5846491229999999,0.575964912,0.5720175439999999,0.5696491229999999,0.567280702,0.558947368,0.558333333,0.559035088,0.558684211,0.554912281,0.551666667,0.544298246,0.538421053,0.528508772,0.515701754,0.506929825,0.504210526,0.49912280700000006
0.48105263200000004,0.473684211,0.467894737,0.46070175399999996,0.45587719299999996,0.45324561399999996,0.453508772,0.454824561,0.450614035,0.441754386,0.428157895,0.416842105,0.40912280700000003,0.403508772,0.396754386,0.391929825,0.38877193,0.384649123,0.384736842,0.38745614,0.388070175,0.388859649,0.386842105,0.380087719,0.377631579,0.369561404,0.357631579,0.34982456100000003,0.344385965,0.34333333299999996
0.6318,0.6341,0.6262,0.6127,0.60685,0.5986,0.59235,0.59235,0.59045,0.5874,0.5859,0.5811,0.57215,0.57585,0.5698,0.5685,0.5670000000000001,0.5759,0.58425,0.5797,0.5853,0.5963,0.59535,0.5875,0.5885,0.586,0.5794,0.5729,0.56925,0.57585
0.006166667,0.006166667,0.0055,0.002333333,0.002166667,0.002166667,0.002166667,0.002166667,0.002166667,0.002166667,0.002166667,0.002166667,0.0016666670000000001,0.00175,0.00175,0.000666667,0.000666667,0.0019166670000000002,0.0019166670000000002,0.001333333,0.001333333,0.0015,0.0015166670000000002,0.0015333329999999998,0.00245,0.00245,0.00245,0.00245,0.00245,0.002616667
0.35,0.35,0.3,0.25,0.2,0.2,0.2,0.2,0.2,0.2,0.15,0.15,0.1,0.15,0.15,0.1,0.1,0.15,0.2,0.15,0.15,0.2,0.25,0.3,0.35,0.4,0.4,0.4,0.4,0.45
0.555333333,0.55075,0.547583333,0.545416667,0.542083333,0.5375833329999999,0.534666667,0.5345833329999999,0.531,0.522083333,0.513083333,0.503583333,0.49658333299999996,0.49008333299999995,0.48125,0.475916667,0.474583333,0.46983333299999996,0.4645,0.465,0.465916667,0.46575,0.464583333,0.45991666700000006,0.455666667,0.44675,0.435666667,0.425,0.41808333299999995,0.415916667
0.6375,0.63325,0.6335,0.6333333329999999,0.631166667,0.627,0.626083333,0.62675,0.62125,0.609916667,0.601583333,0.594166667,0.589916667,0.581666667,0.5731666670000001,0.571583333,0.570916667,0.5638333329999999,0.557416667,0.557583333,0.5589999999999999,0.5565,0.5528333329999999,0.548666667,0.5425,0.532666667,0.520833333,0.5095,0.503583333,0.49975
0.47858333299999994,0.47516666700000004,0.46925,0.46516666700000003,0.45991666700000006,0.455583333,0.4525,0.4535,0.451083333,0.445,0.43575,0.4235,0.414083333,0.409083333,0.40116666700000003,0.39399999999999996,0.392,0.389,0.38441666700000005,0.385666667,0.38683333299999995,0.388666667,0.388166667,0.38333333299999994,0.38125,0.373,0.362416667,0.35133333299999997,0.344083333,0.34225
0.619285714,0.628142857,0.63,0.62452381,0.612142857,0.601904762,0.592047619,0.58752381,0.588333333,0.582285714,0.58347619,0.584809524,0.584619048,0.578857143,0.57647619,0.568809524,0.565619048,0.578,0.586714286,0.5899047620000001,0.582714286,0.594333333,0.593095238,0.587666667,0.589095238,0.582047619,0.573761905,0.569,0.566333333,0.568380952
0.005873016,0.005873016,0.005873016,0.005238095,0.0022222220000000003,0.002063492,0.002063492,0.002063492,0.002063492,0.002063492,0.002063492,0.002063492,0.002063492,0.0016666670000000001,0.0016666670000000001,0.0016666670000000001,0.000634921,0.001825397,0.001825397,0.001825397,0.001269841,0.001428571,0.001444444,0.001460317,0.002333333,0.002333333,0.002333333,0.002333333,0.002333333,0.002492063
0.333333333,0.333333333,0.333333333,0.28571428600000004,0.23809523800000001,0.19047619,0.19047619,0.19047619,0.19047619,0.19047619,0.19047619,0.14285714300000002,0.14285714300000002,0.14285714300000002,0.14285714300000002,0.14285714300000002,0.095238095,0.14285714300000002,0.19047619,0.19047619,0.14285714300000002,0.19047619,0.23809523800000001,0.28571428600000004,0.333333333,0.380952381,0.380952381,0.380952381,0.380952381,0.428571429
0.55452381,0.550634921,0.547222222,0.545,0.544603175,0.541031746,0.536507937,0.533968254,0.531428571,0.525,0.517063492,0.509603175,0.500714286,0.494920635,0.48698412700000004,0.47952381,0.47690476200000004,0.473095238,0.468809524,0.46428571399999996,0.46452381,0.46531746,0.46515873,0.46150793700000003,0.45912698399999996,0.450238095,0.439444444,0.42952381,0.42047619,0.415396825
0.636904762,0.634047619,0.631031746,0.630714286,0.633253968,0.630634921,0.626269841,0.625714286,0.6234920629999999,0.615079365,0.605238095,0.599126984,0.591031746,0.586825397,0.578730159,0.572698413,0.572698413,0.567460317,0.562142857,0.5567460320000001,0.557619048,0.556904762,0.554444444,0.549920635,0.546746032,0.536825397,0.52515873,0.51468254,0.506190476,0.499365079
0.477777778,0.473095238,0.47087301600000003,0.46658730200000004,0.46420634899999996,0.459444444,0.454761905,0.45253968299999997,0.45,0.445714286,0.439126984,0.430952381,0.420555556,0.413809524,0.40658730200000004,0.39833333299999996,0.39396825399999996,0.392063492,0.38857142899999997,0.38531746,0.38515873,0.38746031700000005,0.38801587299999996,0.384761905,0.384285714,0.376666667,0.366031746,0.35619047600000003,0.34579365100000004,0.342063492
0.6171818179999999,0.616363636,0.6245,0.6282272729999999,0.623454545,0.6071818179999999,0.5955,0.587454545,0.583909091,0.580636364,0.578772727,0.582545455,0.588,0.590454545,0.5793181820000001,0.575227273,0.566045455,0.576181818,0.588227273,0.5920000000000001,0.5923181820000001,0.591454545,0.591363636,0.585863636,0.589181818,0.582909091,0.570545455,0.564090909,0.562909091,0.565636364
0.005606061,0.005606061,0.005606061,0.005606061,0.005,0.002121212,0.0019696970000000003,0.0019696970000000003,0.0019696970000000003,0.0019696970000000003,0.0019696970000000003,0.0019696970000000003,0.0019696970000000003,0.002045455,0.001590909,0.001590909,0.001590909,0.001742424,0.001742424,0.001742424,0.001742424,0.001363636,0.001378788,0.0013939389999999999,0.002227273,0.002227273,0.002227273,0.002227273,0.002227273,0.0023787879999999997
0.318181818,0.318181818,0.318181818,0.318181818,0.272727273,0.22727272699999998,0.181818182,0.181818182,0.181818182,0.181818182,0.181818182,0.181818182,0.13636363599999998,0.181818182,0.13636363599999998,0.13636363599999998,0.13636363599999998,0.13636363599999998,0.181818182,0.181818182,0.181818182,0.181818182,0.22727272699999998,0.272727273,0.318181818,0.363636364,0.363636364,0.363636364,0.363636364,0.409090909
0.555454545,0.550075758,0.5472727270000001,0.544772727,0.544242424,0.543484848,0.539848485,0.5357575760000001,0.530984848,0.525681818,0.5200757579999999,0.513560606,0.506590909,0.498939394,0.491742424,0.48507575799999997,0.48030303,0.475378788,0.471969697,0.468409091,0.463863636,0.46401515200000004,0.46477272700000005,0.46219697,0.46068181799999997,0.453787879,0.443106061,0.433409091,0.425,0.41780303
0.637651515,0.633636364,0.631893939,0.6284848479999999,0.630757576,0.632651515,0.629772727,0.625909091,0.622651515,0.6175,0.610378788,0.602727273,0.595909091,0.5880303029999999,0.583787879,0.578030303,0.573712121,0.5693181820000001,0.565681818,0.561287879,0.556818182,0.5556818179999999,0.554924242,0.551590909,0.548030303,0.541136364,0.529469697,0.519090909,0.511287879,0.502045455
0.47901515200000006,0.47257575799999996,0.469090909,0.468257576,0.465606061,0.46356060600000004,0.45848484799999994,0.45469697,0.449242424,0.444924242,0.440075758,0.434393939,0.42780303,0.42,0.41121212100000004,0.40363636399999997,0.398106061,0.393939394,0.39151515200000003,0.389242424,0.384848485,0.38583333299999995,0.38689393899999996,0.38477272700000004,0.385606061,0.37977272700000003,0.369848485,0.359924242,0.350681818,0.34378787899999996
0.625913043,0.614478261,0.613391304,0.6230434779999999,0.6270434779999999,0.6182173910000001,0.6008260870000001,0.590956522,0.584,0.57673913,0.577347826,0.578086957,0.5856956520000001,0.593434783,0.590391304,0.578,0.572304348,0.576130435,0.586043478,0.593217391,0.594217391,0.60026087,0.58873913,0.584521739,0.587391304,0.58326087,0.571869565,0.5614347829999999,0.558478261,0.562391304
0.006014493,0.005362319,0.005362319,0.005362319,0.005362319,0.004782609,0.002028986,0.0018840579999999999,0.0018840579999999999,0.0018840579999999999,0.0018840579999999999,0.0018840579999999999,0.0018840579999999999,0.001956522,0.001956522,0.001521739,0.001521739,0.002608696,0.0016666670000000001,0.0016666670000000001,0.0016666670000000001,0.001811594,0.001318841,0.001333333,0.002130435,0.002130435,0.002130435,0.002130435,0.002130435,0.002275362
0.347826087,0.304347826,0.304347826,0.304347826,0.304347826,0.260869565,0.21739130399999998,0.17391304300000002,0.17391304300000002,0.17391304300000002,0.17391304300000002,0.17391304300000002,0.17391304300000002,0.17391304300000002,0.17391304300000002,0.130434783,0.130434783,0.17391304300000002,0.17391304300000002,0.17391304300000002,0.17391304300000002,0.21739130399999998,0.21739130399999998,0.260869565,0.304347826,0.347826087,0.347826087,0.347826087,0.347826087,0.39130434799999997
0.558115942,0.55115942,0.546884058,0.544927536,0.544057971,0.5431884060000001,0.542246377,0.538985507,0.532826087,0.525507246,0.520942029,0.5165942029999999,0.510507246,0.5046376810000001,0.495724638,0.489710145,0.48557971,0.478695652,0.474202899,0.471449275,0.46782608700000006,0.463405797,0.463550725,0.46195652200000004,0.461376812,0.45550724600000003,0.446811594,0.43717391299999997,0.428913043,0.422246377
0.638115942,0.6344927539999999,0.631594203,0.62942029,0.6286231879999999,0.630289855,0.63173913,0.629275362,0.622971014,0.6169565220000001,0.612898551,0.607753623,0.599492754,0.5928260870000001,0.585072464,0.582898551,0.578768116,0.570434783,0.567536232,0.564710145,0.56115942,0.555,0.55384058,0.552173913,0.549710145,0.5426086960000001,0.533913043,0.5234782610000001,0.515652174,0.507101449
0.483550725,0.47398550700000003,0.468768116,0.46666666700000003,0.46724637700000005,0.46492753600000003,0.462463768,0.45826087,0.451449275,0.44442029,0.439565217,0.435507246,0.431231884,0.426956522,0.41724637700000006,0.408188406,0.403188406,0.397898551,0.39333333299999995,0.392028986,0.38862318799999995,0.385507246,0.385362319,0.38384058,0.38557971,0.38123188399999997,0.37311594200000003,0.36384058,0.35449275399999997,0.348550725
0.623,0.6229583329999999,0.6117083329999999,0.612458333,0.622125,0.621875,0.611666667,0.59625,0.5875,0.577125,0.57375,0.57675,0.581291667,0.591,0.59325,0.588666667,0.5750833329999999,0.581708333,0.585583333,0.590916667,0.595291667,0.60175,0.597291667,0.582291667,0.586041667,0.5817916670000001,0.572666667,0.563083333,0.5561666670000001,0.5581666670000001
0.005763889,0.005763889,0.005138889000000001,0.005138889000000001,0.005138889000000001,0.005138889000000001,0.004583333,0.001944444,0.001805556,0.001805556,0.001805556,0.001805556,0.001805556,0.001875,0.001875,0.001875,0.0014583329999999998,0.0025,0.0025,0.0015972220000000001,0.0015972220000000001,0.001736111,0.00175,0.001277778,0.002041667,0.002041667,0.002041667,0.002041667,0.002041667,0.002180556
0.333333333,0.333333333,0.291666667,0.291666667,0.291666667,0.291666667,0.25,0.208333333,0.166666667,0.166666667,0.166666667,0.166666667,0.166666667,0.208333333,0.166666667,0.166666667,0.125,0.166666667,0.208333333,0.166666667,0.166666667,0.208333333,0.25,0.25,0.291666667,0.333333333,0.333333333,0.333333333,0.333333333,0.375
0.561805556,0.553888889,0.548055556,0.544652778,0.544236111,0.543055556,0.542013889,0.541319444,0.536041667,0.5275,0.520972222,0.5175694439999999,0.513541667,0.5084722220000001,0.501319444,0.493611111,0.49,0.483819444,0.477430556,0.47361111100000003,0.470763889,0.467222222,0.46298611100000003,0.46090277799999996,0.461180556,0.45638888899999996,0.44875,0.440972222,0.43270833299999995,0.42611111100000004
0.642083333,0.635069444,0.6325,0.629236111,0.6295138889999999,0.628263889,0.6295138889999999,0.631180556,0.626319444,0.6175,0.612569444,0.6102777779999999,0.604444444,0.596388889,0.5897916670000001,0.5841666670000001,0.583402778,0.575416667,0.568680556,0.566527778,0.5644444439999999,0.559236111,0.553263889,0.55125,0.5503472220000001,0.544444444,0.535625,0.527986111,0.52,0.511458333
0.486736111,0.478541667,0.470277778,0.46645833299999995,0.465763889,0.46652777799999995,0.46381944399999997,0.462083333,0.455,0.446736111,0.43930555600000004,0.43520833299999995,0.432430556,0.43027777799999994,0.42402777799999997,0.41409722200000004,0.407569444,0.402777778,0.397152778,0.39375,0.39131944399999996,0.389097222,0.385069444,0.3825,0.384652778,0.381388889,0.37479166700000005,0.36722222200000004,0.358472222,0.35229166700000003
0.6200399999999999,0.62028,0.6199600000000001,0.61088,0.612,0.61736,0.61544,0.6068399999999999,0.59272,0.58076,0.57424,0.5733199999999999,0.5798800000000001,0.5865600000000001,0.59092,0.59148,0.58544,0.584,0.5905600000000001,0.59028,0.593,0.60248,0.5988399999999999,0.5907600000000001,0.5838399999999999,0.58072,0.57168,0.5642,0.55796,0.55596
0.0055333330000000005,0.0055333330000000005,0.0055333330000000005,0.004933333,0.004933333,0.004933333,0.004933333,0.0044,0.001866667,0.0017333329999999999,0.0017333329999999999,0.0017333329999999999,0.0017333329999999999,0.0018,0.0018,0.0018,0.0018,0.0024,0.0024,0.0024,0.0015333329999999998,0.0016666670000000001,0.00168,0.001693333,0.00196,0.00196,0.00196,0.00196,0.00196,0.0020933329999999997
0.36,0.32,0.32,0.28,0.28,0.28,0.28,0.24,0.2,0.16,0.16,0.16,0.16,0.2,0.2,0.16,0.16,0.16,0.2,0.2,0.16,0.2,0.24,0.28,0.28,0.32,0.32,0.32,0.32,0.36
0.564733333,0.5576,0.5508,0.5458666670000001,0.544,0.543266667,0.541933333,0.541133333,0.5384,0.5308,0.523066667,0.517733333,0.5146,0.511466667,0.505133333,0.499066667,0.493733333,0.48813333299999995,0.4824,0.476733333,0.472866667,0.47006666700000005,0.46666666700000003,0.46046666700000005,0.4602,0.4564,0.44986666700000005,0.443066667,0.43653333299999997,0.42986666700000004
0.6445333329999999,0.639,0.633133333,0.6302,0.6293333329999999,0.629133333,0.6276,0.629066667,0.628266667,0.620933333,0.613266667,0.610066667,0.607,0.601266667,0.593333333,0.588733333,0.5846,0.58,0.573533333,0.567666667,0.5662,0.562466667,0.5574,0.5508,0.549533333,0.545266667,0.537666667,0.5298666670000001,0.524466667,0.5158
0.49086666700000003,0.4818,0.4748,0.46799999999999997,0.4656,0.465133333,0.4654,0.4634,0.4588,0.45033333299999995,0.44173333299999995,0.43513333299999996,0.43226666700000005,0.431466667,0.427333333,0.420733333,0.41326666700000003,0.40700000000000003,0.401866667,0.3974,0.39299999999999996,0.391666667,0.388533333,0.382333333,0.38333333299999994,0.380666667,0.3752,0.369066667,0.36193333299999997,0.3562
0.621923077,0.6175384620000001,0.6175,0.618846154,0.6105,0.6078076920000001,0.611346154,0.6106538460000001,0.603038462,0.586038462,0.577846154,0.573807692,0.576461538,0.585,0.586653846,0.589307692,0.5882692310000001,0.593615385,0.5924230770000001,0.594884615,0.592307692,0.6,0.599653846,0.5925,0.591923077,0.578807692,0.5710384620000001,0.563576923,0.559230769,0.557692308
0.005320513000000001,0.005320513000000001,0.005320513000000001,0.005320513000000001,0.00474359,0.00474359,0.00474359,0.00474359,0.0042307690000000005,0.001794872,0.0016666670000000001,0.0016666670000000001,0.0016666670000000001,0.0017307689999999998,0.0017307689999999998,0.0017307689999999998,0.0017307689999999998,0.002692308,0.002307692,0.002307692,0.002307692,0.001602564,0.001615385,0.001628205,0.002333333,0.001884615,0.001884615,0.001884615,0.001884615,0.002012821
0.346153846,0.346153846,0.307692308,0.307692308,0.269230769,0.269230769,0.269230769,0.269230769,0.23076923100000002,0.192307692,0.153846154,0.153846154,0.153846154,0.192307692,0.192307692,0.192307692,0.153846154,0.192307692,0.192307692,0.192307692,0.192307692,0.192307692,0.23076923100000002,0.269230769,0.307692308,0.307692308,0.307692308,0.307692308,0.307692308,0.346153846
0.567884615,0.560576923,0.554487179,0.5485897439999999,0.545192308,0.543076923,0.5421794870000001,0.541089744,0.538333333,0.533269231,0.526410256,0.519871795,0.514871795,0.512564103,0.508141026,0.502820513,0.498974359,0.49179487200000005,0.48660256399999996,0.48153846200000006,0.475897436,0.472115385,0.469423077,0.464102564,0.45980769200000005,0.455641026,0.450128205,0.44435897399999996,0.438717949,0.433653846
0.647179487,0.6414743589999999,0.636987179,0.630897436,0.63025641,0.628974359,0.6284615379999999,0.62724359,0.6263461539999999,0.623012821,0.616730769,0.610833333,0.606923077,0.603846154,0.598141026,0.592179487,0.588974359,0.581282051,0.5780128210000001,0.572371795,0.567307692,0.564230769,0.560576923,0.554871795,0.549166667,0.544679487,0.538717949,0.5320512820000001,0.526410256,0.52025641
0.494358974,0.48596153799999997,0.478076923,0.47243589700000005,0.467115385,0.465,0.464102564,0.46493589700000004,0.460192308,0.454166667,0.445384615,0.437628205,0.432307692,0.431346154,0.428589744,0.424038462,0.419679487,0.4125,0.40596153799999996,0.401923077,0.39653846200000004,0.393269231,0.39102564100000003,0.385769231,0.383141026,0.37955128200000005,0.37474359,0.36967948700000003,0.363910256,0.359615385
0.62537037,0.619444444,0.614962963,0.616518519,0.618185185,0.606518519,0.60237037,0.6068888889999999,0.606851852,0.5962222220000001,0.583037037,0.577296296,0.576814815,0.581518519,0.5851481479999999,0.585259259,0.586296296,0.596037037,0.60137037,0.596518519,0.596666667,0.599074074,0.59737037,0.593518519,0.593555556,0.586777778,0.569555556,0.563259259,0.558814815,0.558925926
0.0051234570000000005,0.0051234570000000005,0.0051234570000000005,0.0051234570000000005,0.0051234570000000005,0.004567901,0.004567901,0.004567901,0.004567901,0.0040740740000000004,0.001728395,0.001604938,0.001604938,0.0016666670000000001,0.0016666670000000001,0.0016666670000000001,0.0016666670000000001,0.002592593,0.002592593,0.0022222220000000003,0.0022222220000000003,0.002345679,0.001555556,0.001567901,0.002246914,0.002246914,0.001814815,0.001814815,0.001814815,0.0019382720000000002
0.333333333,0.333333333,0.333333333,0.296296296,0.296296296,0.25925925899999996,0.25925925899999996,0.25925925899999996,0.25925925899999996,0.222222222,0.185185185,0.148148148,0.148148148,0.185185185,0.185185185,0.185185185,0.185185185,0.185185185,0.222222222,0.185185185,0.185185185,0.222222222,0.222222222,0.25925925899999996,0.296296296,0.333333333,0.296296296,0.296296296,0.296296296,0.333333333
0.570555556,0.5637654320000001,0.557469136,0.552222222,0.547839506,0.5442592589999999,0.542037037,0.541358025,0.538395062,0.533395062,0.528950617,0.523209877,0.517037037,0.512901235,0.5093209879999999,0.505802469,0.5025925929999999,0.49691358,0.490185185,0.485617284,0.480555556,0.47506172799999996,0.471419753,0.466851852,0.46333333299999996,0.455432099,0.44962963,0.444814815,0.44012345700000005,0.435864198
0.649753086,0.644135802,0.639444444,0.634691358,0.630925926,0.629876543,0.6283333329999999,0.62808642,0.624691358,0.621358025,0.6188888889999999,0.614259259,0.607777778,0.603888889,0.600740741,0.596851852,0.592283951,0.585617284,0.579320988,0.576728395,0.571851852,0.56537037,0.562345679,0.558024691,0.553148148,0.5445061729999999,0.538395062,0.533271605,0.528641975,0.522283951
0.497716049,0.489506173,0.48222222200000003,0.475679012,0.471419753,0.46648148100000003,0.464012346,0.463703704,0.461790123,0.45567901200000005,0.44925925899999997,0.44129629600000003,0.434814815,0.43141975299999996,0.428580247,0.42537037,0.422901235,0.418703704,0.411296296,0.40586419799999995,0.400925926,0.39666666700000003,0.392592593,0.388271605,0.386419753,0.37950617299999995,0.373888889,0.369444444,0.36469135799999997,0.361604938
0.623035714,0.622857143,0.6168928570000001,0.614107143,0.615964286,0.614071429,0.601321429,0.598392857,0.603357143,0.600142857,0.5929642860000001,0.582321429,0.580071429,0.581678571,0.581785714,0.583857143,0.5825,0.5938571429999999,0.603428571,0.605,0.598178571,0.603035714,0.5965714289999999,0.5915357139999999,0.5945,0.5885357139999999,0.577571429,0.562107143,0.5586785710000001,0.558535714
0.004940476,0.004940476,0.004940476,0.004940476,0.004940476,0.004940476,0.0044047620000000004,0.0044047620000000004,0.0044047620000000004,0.0044047620000000004,0.003928571,0.0016666670000000001,0.0015476189999999999,0.001607143,0.001607143,0.001607143,0.001607143,0.0025,0.0025,0.0025,0.002142857,0.002261905,0.00227381,0.001511905,0.002166667,0.002166667,0.002166667,0.00175,0.00175,0.0018690479999999999
0.321428571,0.321428571,0.321428571,0.321428571,0.28571428600000004,0.28571428600000004,0.25,0.25,0.25,0.25,0.214285714,0.17857142899999998,0.14285714300000002,0.17857142899999998,0.17857142899999998,0.17857142899999998,0.17857142899999998,0.214285714,0.214285714,0.214285714,0.17857142899999998,0.214285714,0.25,0.25,0.28571428600000004,0.321428571,0.321428571,0.28571428600000004,0.28571428600000004,0.321428571
0.573809524,0.566488095,0.5606547620000001,0.555178571,0.551369048,0.546845238,0.543214286,0.54125,0.53875,0.533630952,0.52922619,0.52577381,0.520357143,0.515059524,0.509761905,0.50702381,0.50547619,0.50047619,0.495178571,0.48910714299999997,0.48452381,0.47958333299999995,0.47428571399999997,0.46886904799999995,0.466011905,0.458988095,0.449642857,0.44452381,0.440714286,0.437321429
0.653452381,0.64672619,0.642083333,0.6371428570000001,0.6345833329999999,0.630535714,0.62922619,0.62797619,0.6255952379999999,0.619940476,0.617440476,0.616428571,0.611190476,0.604821429,0.6008928570000001,0.599404762,0.596785714,0.5889285710000001,0.583571429,0.578035714,0.576071429,0.569821429,0.563511905,0.559821429,0.55625,0.548511905,0.538452381,0.533154762,0.529940476,0.5245833329999999
0.501071429,0.49291666700000003,0.48577381,0.479761905,0.474583333,0.470654762,0.46547619,0.46363095200000004,0.46071428600000003,0.457380952,0.45089285700000004,0.445178571,0.438452381,0.433869048,0.42875,0.42547619,0.42422619,0.42184523799999996,0.41732142899999997,0.411011905,0.404761905,0.40089285700000005,0.39589285700000004,0.389880952,0.38880952399999996,0.382797619,0.374047619,0.368809524,0.36464285700000004,0.362440476
0.620172414,0.620689655,0.6202758620000001,0.616,0.6136551720000001,0.612068966,0.608793103,0.597517241,0.595275862,0.597,0.5968620689999999,0.591931034,0.5848275860000001,0.5846551720000001,0.581931034,0.580655172,0.581241379,0.589931034,0.601068966,0.606862069,0.606310345,0.604275862,0.600482759,0.590965517,0.592551724,0.58962069,0.5795862070000001,0.570103448,0.557724138,0.5584137929999999
0.004770115,0.004770115,0.004770115,0.004770115,0.004770115,0.004770115,0.004770115,0.004252874,0.004252874,0.004252874,0.004252874,0.003793103,0.001609195,0.001551724,0.001551724,0.001551724,0.001551724,0.002413793,0.002413793,0.002413793,0.002413793,0.002183908,0.002195402,0.002206897,0.002091954,0.002091954,0.002091954,0.002091954,0.001689655,0.001804598
0.310344828,0.310344828,0.310344828,0.310344828,0.310344828,0.275862069,0.275862069,0.24137931,0.24137931,0.24137931,0.24137931,0.20689655199999998,0.172413793,0.172413793,0.172413793,0.172413793,0.172413793,0.20689655199999998,0.24137931,0.20689655199999998,0.20689655199999998,0.20689655199999998,0.24137931,0.275862069,0.275862069,0.310344828,0.310344828,0.310344828,0.275862069,0.310344828
0.576666667,0.569770115,0.563390805,0.558333333,0.554252874,0.550287356,0.545747126,0.5424137929999999,0.5387356320000001,0.5341379310000001,0.529597701,0.526149425,0.522931034,0.518333333,0.5119540229999999,0.507528736,0.5066666670000001,0.5033333329999999,0.498678161,0.493965517,0.487931034,0.483448276,0.478678161,0.47172413799999996,0.467988506,0.46172413799999995,0.45327586200000003,0.444712644,0.44057471299999995,0.437988506
0.657413793,0.650402299,0.644655172,0.639770115,0.6369540229999999,0.63408046,0.6298850570000001,0.628850575,0.625574713,0.620977011,0.616206897,0.615114943,0.613390805,0.608218391,0.601896552,0.599597701,0.5992528739999999,0.593390805,0.58683908,0.582183908,0.577356322,0.573965517,0.567873563,0.5610344829999999,0.558045977,0.551666667,0.5425287360000001,0.533390805,0.5299425289999999,0.525977011
0.502471264,0.496321839,0.48919540200000006,0.48327586200000006,0.47856321799999996,0.473735632,0.46954023,0.465057471,0.460747126,0.45649425299999996,0.45270114899999997,0.446896552,0.442298851,0.437413793,0.43120689700000003,0.42574712600000003,0.424367816,0.42316092,0.420402299,0.41683908,0.409770115,0.40459770100000003,0.4,0.39316092,0.390344828,0.385229885,0.377413793,0.36913793100000003,0.36419540200000006,0.36247126399999996
0.615633333,0.618,0.618266667,0.6193,0.6155,0.609966667,0.607033333,0.604866667,0.594533333,0.5894,0.593933333,0.595733333,0.5940333329999999,0.5891,0.5848,0.580833333,0.578233333,0.588466667,0.5970333329999999,0.6044666670000001,0.608066667,0.611933333,0.601766667,0.594933333,0.591966667,0.5879,0.5809333329999999,0.5723,0.5656,0.5575
0.004611110999999999,0.004611110999999999,0.004611110999999999,0.004611110999999999,0.004611110999999999,0.004611110999999999,0.004611110999999999,0.004611110999999999,0.004111111,0.004111111,0.004111111,0.004111111,0.003666667,0.0016111110000000001,0.0015,0.0015,0.0015,0.002333333,0.002333333,0.002333333,0.002333333,0.002444444,0.002122222,0.002133333,0.0027444440000000004,0.002022222,0.002022222,0.002022222,0.002022222,0.001744444
0.3,0.3,0.3,0.3,0.3,0.3,0.26666666699999997,0.26666666699999997,0.233333333,0.233333333,0.233333333,0.233333333,0.2,0.2,0.166666667,0.166666667,0.166666667,0.2,0.233333333,0.233333333,0.2,0.233333333,0.233333333,0.26666666699999997,0.3,0.3,0.3,0.3,0.3,0.3
0.578333333,0.572666667,0.566666667,0.561055556,0.557333333,0.553111111,0.549111111,0.544888889,0.539944444,0.534277778,0.530222222,0.526611111,0.523388889,0.520888889,0.515222222,0.5097222220000001,0.507166667,0.504555556,0.5015,0.497388889,0.492666667,0.486777778,0.482444444,0.476055556,0.470777778,0.463777778,0.456111111,0.448388889,0.440888889,0.437944444
0.660111111,0.654333333,0.648277778,0.642333333,0.6395,0.636388889,0.6333333329999999,0.6295,0.6265,0.621111111,0.6173333329999999,0.614,0.612222222,0.610444444,0.6052777779999999,0.600611111,0.599444444,0.595888889,0.5912222220000001,0.585388889,0.581388889,0.575277778,0.571944444,0.565333333,0.559277778,0.5535555560000001,0.5457777779999999,0.5375,0.530277778,0.526111111
0.5035,0.497833333,0.492611111,0.48666666700000005,0.48200000000000004,0.47761111100000003,0.472555556,0.469,0.462222222,0.456666667,0.452,0.44877777799999996,0.444055556,0.441166667,0.43472222200000005,0.42822222200000004,0.42466666700000005,0.423333333,0.42172222200000004,0.419833333,0.41544444399999997,0.40944444399999996,0.403611111,0.397222222,0.3935,0.38683333299999995,0.379944444,0.372555556,0.36466666700000006,0.36211111100000004
